0
1077
1655
1883
2338
2370
2417
2510
2750
2821
2955
2959
3009
3102
3153
3160
3164
3184
3186
3281
3287
3334
3346
3386
3400
3425
3429
3451
3458
3487
3496
3586
3610
3622
3624
3630
3664
3687
3709
3717
3725
3732
3776
3814
3814
3849
3895
3910
3929
3935
3942
3970
3989
4027
4061
4096
4102
4110
4124
4139
4148
4215
4229
4234
4252
4284
4325
4339
4345
4355
4393
4396
4408
4414
4437
4444
4466
4496
4503
4512
4520
4535
4578
4587
4608
4642
4656
4670
4680
4724
4732
4743
4792
4851
4857
4865
4873
4910
4951
4963
4982
4992
5019
5120
5146
5162
5187
5200
5283
5298
5307
5400
5403
5415
5420
5565
5610
5635
5693
5860
5990
6760
7110
7362