   0.00000000    
   0.00000000    
   0.00000000    
   0.00000000    
   0.00000000    
   0.00000000    
   0.00000000    
   0.00000000    
   0.00000000    
   0.00000000    
   0.00000000    
   0.00000000    
   0.00000000    
   0.00000000    
   0.00000000    
   0.00000000    
   0.00000000    
   0.00000000    
   0.00000000    
   0.00000000    
   0.00000000    
   0.00000000    
   0.00000000    
   0.00000000    
   0.00000000    
   0.00000000    
   0.00000000    
   0.00000000    
   0.00000000    
   0.00000000    
   0.00000000    
   0.00000000    
   0.00000000    
   0.00000000    
   0.00000000    
   0.00000000    
   0.00000000    
   0.00000000    
   0.00000000    
   0.00000000    
   0.00000000    
   0.00000000    
   0.00000000    
   0.00000000    
   0.00000000    
   0.00000000    
   0.00000000    
   0.00000000    
   0.00000000    
   0.00000000    
   0.00000000    
   0.00000000    
   0.00000000    
   0.00000000    
   0.00000000    
   0.00000000    
   0.00000000    
   0.00000000    
   0.00000000    
   0.00000000    
   0.00000000    
   0.00000000    
   0.00000000    
   0.00000000    
   0.00000000    
   0.00000000    
   0.00000000    
   0.00000000    
   0.00000000    
   0.00000000    
   0.00000000    
   0.00000000    
   0.00000000    
   0.00000000    
   0.00000000    
   0.00000000    
   0.00000000    
   0.00000000    
   0.00000000    
   0.00000000    
   0.00000000    
   0.00000000    
   0.00000000    
   0.00000000    
   0.00000000    
   0.00000000    
   0.00000000    
   0.00000000    
   0.00000000    
   0.00000000    
   0.00000000    
   0.00000000    
   0.00000000    
   0.00000000    
   0.00000000    
   0.00000000    
   0.00000000    
   0.00000000    
   0.00000000    
   0.00000000    
   0.00000000    
   0.00000000    
   0.00000000    
   0.00000000    
   0.00000000    
   0.00000000    
   0.00000000    
   0.00000000    
   0.00000000    
   0.00000000    
   0.00000000    
   0.00000000    
   0.00000000    
   0.00000000    
   0.00000000    
   0.00000000    
   0.00000000    
   0.00000000    
   0.00000000    
   0.00000000    
   0.00000000    
   0.00000000    
   0.00000000    
   0.00000000    
   0.00000000    
   0.00000000    
   0.00000000    
   0.00000000    
   0.00000000    
   0.00000000    
   0.00000000    
   0.00000000    
   0.00000000    
   0.00000000    
   0.00000000    
   0.00000000    
   0.00000000    
   0.00000000    
   0.00000000    
   0.00000000    
   0.00000000    
   0.00000000    
   0.00000000    
   0.00000000    
   0.00000000    
   0.00000000    
   0.00000000    
   0.00000000    
   0.00000000    
   0.00000000    
   0.00000000    
   0.00000000    
   0.00000000    
   0.00000000    
   0.00000000    
   0.00000000    
   0.00000000    
   0.00000000    
   0.00000000    
   0.00000000    
   0.00000000    
   0.00000000    
   0.00000000    
   0.00000000    
   0.00000000    
   0.00000000    
   0.00000000    
   0.00000000    
   0.00000000    
   0.00000000    
   0.00000000    
   0.00000000    
   0.00000000    
   0.00000000    
   0.00000000    
   0.00000000    
   0.00000000    
   0.00000000    
   0.00000000    
   0.00000000    
   0.00000000    
   0.00000000    
   0.00000000    
   0.00000000    
   0.00000000    
   0.00000000    
   0.00000000    
   0.00000000    
   0.00000000    
   0.00000000    
   0.00000000    
   0.00000000    
   0.00000000    
   0.00000000    
   0.00000000    
   0.00000000    
   0.00000000    
   0.00000000    
   0.00000000    
   0.00000000    
   0.00000000    
   0.00000000    
   0.00000000    
   0.00000000    
   0.00000000    
   0.00000000    
   0.00000000    
   0.00000000    
   0.00000000    
   0.00000000    
   0.00000000    
   0.00000000    
   0.00000000    
   0.00000000    
   0.00000000    
   0.00000000    
   0.00000000    
   0.00000000    
   0.00000000    
   0.00000000    
   0.00000000    
   0.00000000    
   0.00000000    
   0.00000000    
   0.00000000    
   0.00000000    
   0.00000000    
   0.00000000    
   0.00000000    
   0.00000000    
   0.00000000    
   0.00000000    
   0.00000000    
   0.00000000    
   0.00000000    
   0.00000000    
   0.00000000    
   0.00000000    
   0.00000000    
   0.00000000    
   0.00000000    
   0.00000000    
   0.00000000    
   0.00000000    
   0.00000000    
   0.00000000    
   0.00000000    
   0.00000000    
   0.00000000    
   1.00000000    
   31.0000000    
   5.00000000    
   8.00000000    
   16.0000000    
   18.0000000    
   21.0000000    
   23.0000000    
   24.0000000    
   29.0000000    
   45.0000000    
   35.0000000    
   36.0000000    
   47.0000000    
   53.0000000    
   72.0000000    
   89.0000000    
   63.0000000    
   72.0000000    
   79.0000000    
   71.0000000    
   87.0000000    
   74.0000000    
   92.0000000    
   87.0000000    
   81.0000000    
   67.0000000    
   72.0000000    
   70.0000000    
   89.0000000    
   85.0000000    
   54.0000000    
   66.0000000    
   79.0000000    
   73.0000000    
   64.0000000    
   57.0000000    
   56.0000000    
   75.0000000    
   51.0000000    
   44.0000000    
   60.0000000    
   43.0000000    
   48.0000000    
   55.0000000    
   46.0000000    
   51.0000000    
   34.0000000    
   37.0000000    
   49.0000000    
   47.0000000    
   38.0000000    
   54.0000000    
   40.0000000    
   39.0000000    
   31.0000000    
   45.0000000    
   34.0000000    
   43.0000000    
   23.0000000    
   29.0000000    
   33.0000000    
   57.0000000    
   35.0000000    
   34.0000000    
   42.0000000    
   45.0000000    
   34.0000000    
   34.0000000    
   48.0000000    
   27.0000000    
   45.0000000    
   45.0000000    
   43.0000000    
   45.0000000    
   45.0000000    
   39.0000000    
   41.0000000    
   49.0000000    
   31.0000000    
   36.0000000    
   40.0000000    
   30.0000000    
   43.0000000    
   40.0000000    
   46.0000000    
   37.0000000    
   31.0000000    
   44.0000000    
   37.0000000    
   43.0000000    
   44.0000000    
   44.0000000    
   47.0000000    
   31.0000000    
   33.0000000    
   29.0000000    
   35.0000000    
   38.0000000    
   56.0000000    
   42.0000000    
   36.0000000    
   31.0000000    
   49.0000000    
   35.0000000    
   37.0000000    
   28.0000000    
   51.0000000    
   27.0000000    
   22.0000000    
   13.0000000    
   23.0000000    
   20.0000000    
   18.0000000    
   12.0000000    
   11.0000000    
   19.0000000    
   19.0000000    
   14.0000000    
   15.0000000    
   7.00000000    
   13.0000000    
   14.0000000    
   5.00000000    
   11.0000000    
   23.0000000    
   29.0000000    
   71.0000000    
   109.000000    
   210.000000    
   361.000000    
   384.000000    
   480.000000    
   476.000000    
   356.000000    
   209.000000    
   107.000000    
   49.0000000    
   18.0000000    
   16.0000000    
   5.00000000    
   14.0000000    
   11.0000000    
   5.00000000    
   8.00000000    
   4.00000000    
   6.00000000    
   2.00000000    
   7.00000000    
   4.00000000    
   4.00000000    
   5.00000000    
   3.00000000    
   4.00000000    
   4.00000000    
  -1.00000000    
   1.00000000    
   0.00000000    
   3.00000000    
   1.00000000    
   3.00000000    
   0.00000000    
   2.00000000    
   0.00000000    
   1.00000000    
   4.00000000    
   2.00000000    
  -2.00000000    
   2.00000000    
   6.00000000    
   3.00000000    
  -3.00000000    
   11.0000000    
  -1.00000000    
   1.00000000    
  -1.00000000    
   0.00000000    
   0.00000000    
   2.00000000    
  -2.00000000    
   6.00000000    
   2.00000000    
   6.00000000    
   3.00000000    
   5.00000000    
   3.00000000    
   0.00000000    
  -1.00000000    
   2.00000000    
   3.00000000    
   1.00000000    
  -2.00000000    
   2.00000000    
   3.00000000    
   3.00000000    
   2.00000000    
  -1.00000000    
   3.00000000    
   6.00000000    
   0.00000000    
   3.00000000    
   3.00000000    
   0.00000000    
   5.00000000    
   3.00000000    
  -2.00000000    
   1.00000000    
   0.00000000    
   2.00000000    
   0.00000000    
   1.00000000    
  -1.00000000    
   3.00000000    
  -2.00000000    
   0.00000000    
   3.00000000    
   1.00000000    
   1.00000000    
   1.00000000    
   4.00000000    
   4.00000000    
   0.00000000    
   1.00000000    
   2.00000000    
  -1.00000000    
   2.00000000    
   1.00000000    
   1.00000000    
  -3.00000000    
   3.00000000    
   2.00000000    
   2.00000000    
   2.00000000    
  -1.00000000    
  -1.00000000    
  -1.00000000    
   2.00000000    
   5.00000000    
   0.00000000    
   2.00000000    
  -1.00000000    
   1.00000000    
   1.00000000    
  -1.00000000    
   1.00000000    
   0.00000000    
  -1.00000000    
  -1.00000000    
   1.00000000    
   1.00000000    
  -1.00000000    
  -1.00000000    
  -1.00000000    
   0.00000000    
   1.00000000    
   0.00000000    
   1.00000000    
  -2.00000000    
   0.00000000    
   2.00000000    
   1.00000000    
  -2.00000000    
  -1.00000000    
   1.00000000    
   1.00000000    
   1.00000000    
   1.00000000    
   0.00000000    
   4.00000000    
   1.00000000    
   2.00000000    
   1.00000000    
   0.00000000    
  -3.00000000    
   2.00000000    
  -3.00000000    
   2.00000000    
   4.00000000    
   0.00000000    
   0.00000000    
   0.00000000    
   2.00000000    
   0.00000000    
   0.00000000    
   0.00000000    
   2.00000000    
   0.00000000    
   1.00000000    
  -1.00000000    
   1.00000000    
  -2.00000000    
   1.00000000    
   1.00000000    
   1.00000000    
   0.00000000    
  -1.00000000    
   1.00000000    
   0.00000000    
   0.00000000    
  -1.00000000    
   1.00000000    
   1.00000000    
   1.00000000    
  -1.00000000    
   0.00000000    
   2.00000000    
   0.00000000    
   1.00000000    
   0.00000000    
  -1.00000000    
   0.00000000    
   2.00000000    
   1.00000000    
  -2.00000000    
  -1.00000000    
   0.00000000    
   1.00000000    
  -1.00000000    
   2.00000000    
   0.00000000    
   0.00000000    
   1.00000000    
   1.00000000    
   1.00000000    
   1.00000000    
  -1.00000000    
   2.00000000    
   3.00000000    
   2.00000000    
   0.00000000    
   2.00000000    
  -3.00000000    
   0.00000000    
   0.00000000    
   0.00000000    
   0.00000000    
   0.00000000    
   1.00000000    
  -1.00000000    
  -1.00000000    
   0.00000000    
   0.00000000    
  -2.00000000    
   1.00000000    
  -2.00000000    
   1.00000000    
   1.00000000    
   0.00000000    
   1.00000000    
   1.00000000    
   4.00000000    
   0.00000000    
   0.00000000    
   0.00000000    
   0.00000000    
   1.00000000    
   0.00000000    
   1.00000000    
   0.00000000    
   2.00000000    
  -2.00000000    
  -1.00000000    
   1.00000000    
   0.00000000    
  -1.00000000    
   3.00000000    
   1.00000000    
   2.00000000    
   0.00000000    
   1.00000000    
   1.00000000    
   0.00000000    
   1.00000000    
   1.00000000    
  -2.00000000    
  -2.00000000    
   3.00000000    
   1.00000000    
   1.00000000    
   1.00000000    
   0.00000000    
   2.00000000    
   2.00000000    
   1.00000000    
  -1.00000000    
   0.00000000    
   1.00000000    
   2.00000000    
   0.00000000    
   1.00000000    
   1.00000000    
   0.00000000    
   0.00000000    
   0.00000000    
   3.00000000    
   0.00000000    
   0.00000000    
   0.00000000    
   1.00000000    
   0.00000000    
  -2.00000000    
  -1.00000000    
   0.00000000    
  -1.00000000    
   1.00000000    
  -1.00000000    
  -2.00000000    
   2.00000000    
   0.00000000    
   0.00000000    
   5.00000000    
   1.00000000    
   2.00000000    
   0.00000000    
   1.00000000    
   2.00000000    
   0.00000000    
   0.00000000    
   0.00000000    
   0.00000000    
   1.00000000    
   0.00000000    
   0.00000000    
   1.00000000    
   0.00000000    
   0.00000000    
  -1.00000000    
   0.00000000    
   2.00000000    
  -1.00000000    
   2.00000000    
   3.00000000    
   1.00000000    
   1.00000000    
  -2.00000000    
   0.00000000    
   0.00000000    
   1.00000000    
   1.00000000    
  -1.00000000    
   0.00000000    
   0.00000000    
   0.00000000    
   0.00000000    
   2.00000000    
   0.00000000    
   0.00000000    
   1.00000000    
   0.00000000    
   0.00000000    
   0.00000000    
   0.00000000    
   0.00000000    
   0.00000000    
   0.00000000    
   1.00000000    
   0.00000000    
   0.00000000    
   0.00000000    
   0.00000000    
   1.00000000    
   1.00000000    
   1.00000000    
   2.00000000    
   0.00000000    
  -1.00000000    
   1.00000000    
   0.00000000    
   0.00000000    
   1.00000000    
   1.00000000    
   2.00000000    
   0.00000000    
  -1.00000000    
   2.00000000    
   0.00000000    
  -1.00000000    
   0.00000000    
   1.00000000    
   0.00000000    
   0.00000000    
  -2.00000000    
  -1.00000000    
   0.00000000    
  -1.00000000    
   1.00000000    
  -2.00000000    
   0.00000000    
   1.00000000    
  -1.00000000    
   2.00000000    
   0.00000000    
   0.00000000    
   0.00000000    
   1.00000000    
  -1.00000000    
  -1.00000000    
   1.00000000    
   0.00000000    
  -3.00000000    
   1.00000000    
   0.00000000    
   0.00000000    
   0.00000000    
  -1.00000000    
   2.00000000    
   0.00000000    
   0.00000000    
   0.00000000    
   0.00000000    
   0.00000000    
   1.00000000    
   0.00000000    
   1.00000000    
   1.00000000    
   1.00000000    
   0.00000000    
   1.00000000    
   0.00000000    
  -1.00000000    
   0.00000000    
   2.00000000    
   0.00000000    
   0.00000000    
  -1.00000000    
  -1.00000000    
   0.00000000    
   0.00000000    
  -1.00000000    
   0.00000000    
   1.00000000    
   0.00000000    
   1.00000000    
   0.00000000    
   1.00000000    
   1.00000000    
   1.00000000    
   0.00000000    
   0.00000000    
   0.00000000    
   0.00000000    
  -1.00000000    
   1.00000000    
  -1.00000000    
   2.00000000    
   0.00000000    
   0.00000000    
   0.00000000    
   0.00000000    
   0.00000000    
   1.00000000    
   0.00000000    
  -1.00000000    
   0.00000000    
   0.00000000    
   1.00000000    
  -1.00000000    
   1.00000000    
   0.00000000    
  -2.00000000    
   1.00000000    
   0.00000000    
   2.00000000    
   0.00000000    
   0.00000000    
   2.00000000    
   1.00000000    
   1.00000000    
   0.00000000    
   0.00000000    
   0.00000000    
  -1.00000000    
   0.00000000    
   0.00000000    
  -1.00000000    
   0.00000000    
   0.00000000    
   0.00000000    
   0.00000000    
   1.00000000    
  -1.00000000    
   1.00000000    
  -1.00000000    
  -1.00000000    
   0.00000000    
   1.00000000    
  -2.00000000    
   0.00000000    
  -1.00000000    
   0.00000000    
   1.00000000    
   0.00000000    
   1.00000000    
   0.00000000    
  -1.00000000    
   0.00000000    
   0.00000000    
  -1.00000000    
   0.00000000    
  -1.00000000    
   0.00000000    
   0.00000000    
   0.00000000    
   1.00000000    
   1.00000000    
   0.00000000    
   0.00000000    
   0.00000000    
  -1.00000000    
   0.00000000    
   0.00000000    
  -1.00000000    
   0.00000000    
   0.00000000    
   0.00000000    
   0.00000000    
   0.00000000    
   0.00000000    
   0.00000000    
   0.00000000    
  -1.00000000    
   0.00000000    
   0.00000000    
   0.00000000    
  -1.00000000    
   0.00000000    
  -1.00000000    
   0.00000000    
   0.00000000    
   0.00000000    
   0.00000000    
   0.00000000    
  -1.00000000    
   0.00000000    
   0.00000000    
   0.00000000    
   0.00000000    
   0.00000000    
   0.00000000    
   0.00000000    
   0.00000000    
   1.00000000    
   0.00000000    
  -1.00000000    
   0.00000000    
   0.00000000    
   0.00000000    
   0.00000000    
   0.00000000    
   0.00000000    
   0.00000000    
   0.00000000    
   0.00000000    
  -1.00000000    
   0.00000000    
  -1.00000000    
   1.00000000    
   0.00000000    
   1.00000000    
   0.00000000    
   1.00000000    
   0.00000000    
  -2.00000000    
   0.00000000    
   1.00000000    
   1.00000000    
   0.00000000    
   0.00000000    
   0.00000000    
   0.00000000    
   0.00000000    
   1.00000000    
   0.00000000    
   0.00000000    
   0.00000000    
   0.00000000    
   1.00000000    
   0.00000000    
   0.00000000    
   0.00000000    
   0.00000000    
   0.00000000    
   0.00000000    
  -1.00000000    
   0.00000000    
   0.00000000    
   0.00000000    
   0.00000000    
   0.00000000    
  -1.00000000    
   0.00000000    
   0.00000000    
   0.00000000    
   0.00000000    
   0.00000000    
   0.00000000    
   0.00000000    
   0.00000000    
  -1.00000000    
   0.00000000    
   1.00000000    
   1.00000000    
  -1.00000000    
   0.00000000    
   0.00000000    
   0.00000000    
   0.00000000    
   0.00000000    
   0.00000000    
   1.00000000    
   0.00000000    
   1.00000000    
   0.00000000    
   0.00000000    
   0.00000000    
   0.00000000    
   0.00000000    
   0.00000000    
  -1.00000000    
   0.00000000    
   1.00000000    
   0.00000000    
   1.00000000    
  -1.00000000    
   0.00000000    
   0.00000000    
   0.00000000    
   0.00000000    
   0.00000000    
   0.00000000    
   0.00000000    
   0.00000000    
   0.00000000    
   1.00000000    
  -1.00000000    
   0.00000000    
   0.00000000    
  -1.00000000    
   0.00000000    
  -1.00000000    
   0.00000000    
   0.00000000    
   0.00000000    
   0.00000000    
   0.00000000    
   0.00000000    
   0.00000000    
   1.00000000    
   1.00000000    
   1.00000000    
   0.00000000    
   0.00000000    
   0.00000000    
   1.00000000    
   0.00000000    
   0.00000000    
   0.00000000    
   0.00000000    
   1.00000000    
   0.00000000    
   1.00000000    
   0.00000000    
   0.00000000    
   0.00000000    
   1.00000000    
   0.00000000    
   1.00000000    
   0.00000000    
   0.00000000    
   0.00000000    
   0.00000000    
   0.00000000    
   0.00000000    
  -1.00000000    
   0.00000000    
   0.00000000    
   0.00000000    
   0.00000000    
   1.00000000    
   0.00000000    
   0.00000000    
   0.00000000    
   0.00000000    
   0.00000000    
   0.00000000    
   0.00000000    
   0.00000000    
   0.00000000    
   0.00000000    
  -1.00000000    
   0.00000000    
   0.00000000    
   0.00000000    
   0.00000000    
  -1.00000000    
   0.00000000    
   1.00000000    
   0.00000000    
   0.00000000    
   0.00000000    
   0.00000000    
   0.00000000    
   0.00000000    
   0.00000000    
   0.00000000    
  -1.00000000    
   0.00000000    
   0.00000000    
   0.00000000    
   1.00000000    
   0.00000000    
   0.00000000    
   0.00000000    
   0.00000000    
   0.00000000    
   1.00000000    
   0.00000000    
   0.00000000    
   0.00000000    
   0.00000000    
   0.00000000    
  -1.00000000    
   0.00000000    
   0.00000000    
  -1.00000000    
   0.00000000    
   1.00000000    
   0.00000000    
   0.00000000    
   0.00000000    
   0.00000000    
   0.00000000    
   0.00000000    
   0.00000000    
   0.00000000    
   0.00000000    
   0.00000000    
   0.00000000    
  -1.00000000    
   0.00000000    
   0.00000000    
   0.00000000    
   0.00000000    
   0.00000000    
   0.00000000    
   1.00000000    
   0.00000000    
   0.00000000    
   0.00000000    
   0.00000000    
   0.00000000    
   0.00000000    
  -1.00000000    
   0.00000000    
   0.00000000    
  -1.00000000    
   0.00000000    
   0.00000000    
   0.00000000    
   0.00000000    
   0.00000000    
   1.00000000    
   0.00000000    
   0.00000000    
   0.00000000    
   0.00000000    
   0.00000000    
   0.00000000    
   1.00000000    
   0.00000000    
   0.00000000    
   0.00000000    
   0.00000000    
   0.00000000    
   0.00000000    
   0.00000000    
  -1.00000000    
   0.00000000    
   0.00000000    
   0.00000000    
   1.00000000    
   0.00000000    
   0.00000000    
   0.00000000    
   0.00000000    
   0.00000000    
   0.00000000    
   1.00000000    
   0.00000000    
   1.00000000    
   0.00000000    
   0.00000000    
   0.00000000    
   0.00000000    
   0.00000000    
   0.00000000    
   0.00000000    
   0.00000000    
   0.00000000    
   0.00000000    
   0.00000000    
   0.00000000    
   0.00000000    
   0.00000000    
   0.00000000    
   0.00000000    
  -1.00000000    
   0.00000000    
   0.00000000    
   0.00000000    
   0.00000000    
   0.00000000    
   0.00000000    
   0.00000000    
   0.00000000    
   0.00000000    
   0.00000000    
   0.00000000    
   0.00000000    
   0.00000000    
   0.00000000    
   0.00000000    
   0.00000000    
   0.00000000    
   0.00000000    
   0.00000000    
   0.00000000    
   1.00000000    
   0.00000000    
   0.00000000    
   0.00000000    
   0.00000000    
  -1.00000000    
   0.00000000    
   0.00000000    
   0.00000000    
   0.00000000    
   1.00000000    
   0.00000000    
   0.00000000    
   0.00000000    
   0.00000000    
   0.00000000    
   0.00000000    
   1.00000000    
   1.00000000    
   0.00000000    
   0.00000000    
   0.00000000    
   0.00000000    
   0.00000000    
   0.00000000    
   0.00000000    
   0.00000000    
   0.00000000    
   0.00000000    
   0.00000000    
   0.00000000    
   0.00000000    
   0.00000000    
   0.00000000    
   0.00000000    
   0.00000000    
   0.00000000    
   0.00000000    
   0.00000000    
   0.00000000    
   0.00000000    
   0.00000000    
   1.00000000    
   0.00000000    
   0.00000000    
   0.00000000    
   0.00000000    
   0.00000000    
   0.00000000    
   0.00000000    
   0.00000000    
   0.00000000    
   0.00000000    
   0.00000000    
   0.00000000    
   0.00000000    
   0.00000000    
   0.00000000    
   0.00000000    
   0.00000000    
   0.00000000    
   0.00000000    
   0.00000000    
   0.00000000    
   0.00000000    
   0.00000000    
   0.00000000    
   0.00000000    
   0.00000000    
   0.00000000    
   0.00000000    
   0.00000000    
   0.00000000    
   0.00000000    
   0.00000000    
   0.00000000    
   0.00000000    
   0.00000000    
   0.00000000    
   0.00000000    
   0.00000000    
   0.00000000    
   0.00000000    
   0.00000000    
   0.00000000    
   0.00000000    
   0.00000000    
   0.00000000    
   0.00000000    
   0.00000000    
   0.00000000    
   0.00000000    
   0.00000000    
   0.00000000    
   0.00000000    
   0.00000000    
   0.00000000    
   0.00000000    
   0.00000000    
   0.00000000    
   0.00000000    
   0.00000000    
   0.00000000    
   0.00000000    
   0.00000000    
   0.00000000    
   0.00000000    
   0.00000000    
   0.00000000    
   0.00000000    
   0.00000000    
   0.00000000    
   0.00000000    
   0.00000000    
   0.00000000    
   0.00000000    
   0.00000000    
   0.00000000    
   0.00000000    
   0.00000000    
   0.00000000    
   0.00000000    
   0.00000000    
   0.00000000    
   0.00000000    
   0.00000000    
   0.00000000    
   0.00000000    
   0.00000000    
   0.00000000    
   0.00000000    
   0.00000000    
   0.00000000    
   0.00000000    
   0.00000000    
   0.00000000    
   0.00000000    
   0.00000000    
   0.00000000    
   0.00000000    
   0.00000000    
   0.00000000    
   0.00000000    
   0.00000000    
   0.00000000    
   0.00000000    
   0.00000000    
   0.00000000    
   0.00000000    
   0.00000000    
   1.00000000    
   0.00000000    
   0.00000000    
   0.00000000    
   0.00000000    
   0.00000000    
   0.00000000    
   0.00000000    
   0.00000000    
   0.00000000    
   0.00000000    
   0.00000000    
   0.00000000    
   0.00000000    
   0.00000000    
   0.00000000    
   0.00000000    
   0.00000000    
   0.00000000    
   0.00000000    
   0.00000000    
   0.00000000    
   0.00000000    
   0.00000000    
   0.00000000    
   0.00000000    
   0.00000000    
   0.00000000    
   0.00000000    
   0.00000000    
   0.00000000    
   0.00000000    
   0.00000000    
   0.00000000    
   0.00000000    
   0.00000000    
   0.00000000    
   0.00000000    
   0.00000000    
   0.00000000    
   0.00000000    
   0.00000000    
   0.00000000    
   0.00000000    
   0.00000000    
   0.00000000    
   0.00000000    
   0.00000000    
   0.00000000    
   0.00000000    
   0.00000000    
   0.00000000    
   0.00000000    
   0.00000000    
   0.00000000    
   0.00000000    
   0.00000000    
   0.00000000    
   0.00000000    
   0.00000000    
   0.00000000    
   0.00000000    
   0.00000000    
   0.00000000    
   0.00000000    
   0.00000000    
   0.00000000    
   0.00000000    
   0.00000000    
   0.00000000    
   0.00000000    
   0.00000000    
   0.00000000    
   0.00000000    
   0.00000000    
   0.00000000    
   0.00000000    
   0.00000000    
   0.00000000    
   0.00000000    
   0.00000000    
   0.00000000    
   0.00000000    
   0.00000000    
   0.00000000    
   0.00000000    
   0.00000000    
   0.00000000    
   0.00000000    
   0.00000000    
   0.00000000    
   0.00000000    
   0.00000000    
   0.00000000    
   0.00000000    
   0.00000000    
   0.00000000    
   0.00000000    
   0.00000000    
   0.00000000    
   0.00000000    
   0.00000000    
   0.00000000    
   0.00000000    
   0.00000000    
   0.00000000    
   0.00000000    
   0.00000000    
   0.00000000    
   0.00000000    
   0.00000000    
   0.00000000    
   0.00000000    
   0.00000000    
   0.00000000    
   0.00000000    
   0.00000000    
   0.00000000    
   0.00000000    
   0.00000000    
   0.00000000    
   0.00000000    
   0.00000000    
   0.00000000    
   0.00000000    
   0.00000000    
   0.00000000    
   0.00000000    
   0.00000000    
   0.00000000    
   0.00000000    
   0.00000000    
   0.00000000    
   0.00000000    
   0.00000000    
   0.00000000    
   0.00000000    
   0.00000000    
   0.00000000    
   0.00000000    
   0.00000000    
   0.00000000    
   0.00000000    
   0.00000000    
   0.00000000    
   0.00000000    
   0.00000000    
   0.00000000    
   0.00000000    
   0.00000000    
   0.00000000    
   0.00000000    
   0.00000000    
   0.00000000    
   0.00000000    
   0.00000000    
   0.00000000    
   0.00000000    
   0.00000000    
   0.00000000    
   0.00000000    
   0.00000000    
   0.00000000    
   0.00000000    
   0.00000000    
   0.00000000    
   0.00000000    
   0.00000000    
   0.00000000    
   0.00000000    
   0.00000000    
   0.00000000    
   0.00000000    
   0.00000000    
   0.00000000    
   0.00000000    
   0.00000000    
   0.00000000    
   0.00000000    
   0.00000000    
   0.00000000    
   0.00000000    
   0.00000000    
   0.00000000    
   0.00000000    
   0.00000000    
   0.00000000    
   0.00000000    
   0.00000000    
   0.00000000    
   0.00000000    
   0.00000000    
  -1.00000000    
   0.00000000    
   0.00000000    
   0.00000000    
   0.00000000    
   0.00000000    
   0.00000000    
   0.00000000    
   0.00000000    
   0.00000000    
   0.00000000    
   0.00000000    
   0.00000000    
   0.00000000    
   0.00000000    
   0.00000000    
   0.00000000    
   0.00000000    
   0.00000000    
   0.00000000    
   0.00000000    
   0.00000000    
   0.00000000    
   0.00000000    
   0.00000000    
   0.00000000    
   0.00000000    
   0.00000000    
   0.00000000    
   0.00000000    
   0.00000000    
   0.00000000    
   0.00000000    
   0.00000000    
   0.00000000    
   0.00000000    
   0.00000000    
   0.00000000    
   0.00000000    
   0.00000000    
   0.00000000    
   0.00000000    
   0.00000000    
   0.00000000    
   0.00000000    
   0.00000000    
   0.00000000    
   0.00000000    
   0.00000000    
   0.00000000    
   0.00000000    
   0.00000000    
   0.00000000    
   0.00000000    
   0.00000000    
   0.00000000    
   0.00000000    
   0.00000000    
   0.00000000    
   0.00000000    
   0.00000000    
   0.00000000    
   0.00000000    
   0.00000000    
   0.00000000    
   0.00000000    
   0.00000000    
   0.00000000    
   0.00000000    
   0.00000000    
   0.00000000    
   0.00000000    
   0.00000000    
   0.00000000    
   0.00000000    
   0.00000000    
   0.00000000    
   0.00000000    
   0.00000000    
   0.00000000    
   0.00000000    
   0.00000000    
   0.00000000    
   0.00000000    
   0.00000000    
   0.00000000    
   0.00000000    
   0.00000000    
   0.00000000    
   0.00000000    
   0.00000000    
   0.00000000    
   0.00000000    
   0.00000000    
   0.00000000    
   0.00000000    
   0.00000000    
   0.00000000    
   0.00000000    
   0.00000000    
   0.00000000    
   0.00000000    
   0.00000000    
   0.00000000    
   0.00000000    
   0.00000000    
   0.00000000    
   0.00000000    
   0.00000000    
   0.00000000    
   0.00000000    
   0.00000000    
   0.00000000    
   0.00000000    
   0.00000000    
   0.00000000    
   0.00000000    
   0.00000000    
   0.00000000    
   0.00000000    
   0.00000000    
   0.00000000    
   0.00000000    
   0.00000000    
   0.00000000    
   0.00000000    
   0.00000000    
   0.00000000    
   0.00000000    
   0.00000000    
   0.00000000    
   0.00000000    
   0.00000000    
   0.00000000    
   0.00000000    
   0.00000000    
   0.00000000    
   0.00000000    
   0.00000000    
   0.00000000    
   0.00000000    
   0.00000000    
   0.00000000    
   0.00000000    
   0.00000000    
   0.00000000    
   0.00000000    
   0.00000000    
   0.00000000    
   0.00000000    
   0.00000000    
   0.00000000    
   0.00000000    
   0.00000000    
   0.00000000    
   0.00000000    
   0.00000000    
   0.00000000    
   0.00000000    
   0.00000000    
   0.00000000    
   0.00000000    
   0.00000000    
   0.00000000    
   0.00000000    
   0.00000000    
   0.00000000    
   0.00000000    
   0.00000000    
   0.00000000    
   0.00000000    
   0.00000000    
   0.00000000    
   0.00000000    
   0.00000000    
   0.00000000    
   0.00000000    
   0.00000000    
   0.00000000    
   0.00000000    
   0.00000000    
   0.00000000    
   0.00000000    
   0.00000000    
   0.00000000    
   0.00000000    
   0.00000000    
   0.00000000    
   0.00000000    
   0.00000000    
   0.00000000    
   0.00000000    
   0.00000000    
   0.00000000    
   0.00000000    
   0.00000000    
   0.00000000    
   0.00000000    
   0.00000000    
   0.00000000    
   0.00000000    
   0.00000000    
   0.00000000    
   0.00000000    
   0.00000000    
   0.00000000    
   0.00000000    
   0.00000000    
   0.00000000    
   0.00000000    
   0.00000000    
   0.00000000    
   0.00000000    
   0.00000000    
   0.00000000    
   0.00000000    
   0.00000000    
   0.00000000    
   0.00000000    
   0.00000000    
   0.00000000    
   0.00000000    
   0.00000000    
   0.00000000    
   0.00000000    
   0.00000000    
   0.00000000    
   0.00000000    
   0.00000000    
   0.00000000    
   0.00000000    
   0.00000000    
   0.00000000    
   0.00000000    
   0.00000000    
   0.00000000    
   0.00000000    
   0.00000000    
   0.00000000    
   0.00000000    
   0.00000000    
   0.00000000    
   0.00000000    
   0.00000000    
   0.00000000    
   0.00000000    
   0.00000000    
   0.00000000    
   0.00000000    
   0.00000000    
   0.00000000    
   0.00000000    
   0.00000000    
   0.00000000    
   0.00000000    
   0.00000000    
   0.00000000    
   0.00000000    
   0.00000000    
   0.00000000    
   0.00000000    
   0.00000000    
   0.00000000    
   0.00000000    
   0.00000000    
   0.00000000    
   0.00000000    
   0.00000000    
   0.00000000    
   0.00000000    
   0.00000000    
   0.00000000    
   0.00000000    
   0.00000000    
   0.00000000    
   0.00000000    
   0.00000000    
   0.00000000    
   0.00000000    
   0.00000000    
   0.00000000    
   0.00000000    
   0.00000000    
   0.00000000    
   0.00000000    
   0.00000000    
   0.00000000    
   0.00000000    
   0.00000000    
   0.00000000    
   0.00000000    
   0.00000000    
   0.00000000    
   0.00000000    
   0.00000000    
   0.00000000    
   0.00000000    
   0.00000000    
   0.00000000    
   0.00000000    
   0.00000000    
   0.00000000    
   0.00000000    
   0.00000000    
   0.00000000    
   0.00000000    
   0.00000000    
   0.00000000    
   0.00000000    
   0.00000000    
   0.00000000    
   0.00000000    
   0.00000000    
   0.00000000    
   0.00000000    
   0.00000000    
   0.00000000    
   0.00000000    
   0.00000000    
   0.00000000    
   0.00000000    
   0.00000000    
   0.00000000    
   0.00000000    
   0.00000000    
   0.00000000    
   0.00000000    
   0.00000000    
   0.00000000    
   0.00000000    
   0.00000000    
   0.00000000    
   0.00000000    
   0.00000000    
   0.00000000    
   0.00000000    
   0.00000000    
   0.00000000    
   0.00000000    
   0.00000000    
   0.00000000    
   0.00000000    
   0.00000000    
   0.00000000    
   0.00000000    
   0.00000000    
   0.00000000    
   0.00000000    
   0.00000000    
   0.00000000    
   0.00000000    
   0.00000000    
   0.00000000    
   0.00000000    
   0.00000000    
   0.00000000    
   0.00000000    
   0.00000000    
   0.00000000    
   0.00000000    
   0.00000000    
   0.00000000    
   0.00000000    
   0.00000000    
   0.00000000    
   0.00000000    
   0.00000000    
   0.00000000    
   0.00000000    
   0.00000000    
   0.00000000    
   0.00000000    
   0.00000000    
   0.00000000    
   0.00000000    
   0.00000000    
   0.00000000    
   0.00000000    
   0.00000000    
   0.00000000    
   0.00000000    
   0.00000000    
   0.00000000    
   0.00000000    
   0.00000000    
   0.00000000    
   0.00000000    
   0.00000000    
   0.00000000    
   0.00000000    
   0.00000000    
   0.00000000    
   0.00000000    
   0.00000000    
   0.00000000    
   0.00000000    
   0.00000000    
   0.00000000    
   0.00000000    
   0.00000000    
   0.00000000    
   0.00000000    
   0.00000000    
   0.00000000    
   0.00000000    
   0.00000000    
   0.00000000    
   0.00000000    
   0.00000000    
   0.00000000    
   0.00000000    
   0.00000000    
   0.00000000    
   0.00000000    
   0.00000000    
   0.00000000    
   0.00000000    
   0.00000000    
   0.00000000    
   0.00000000    
   0.00000000    
   0.00000000    
   0.00000000    
   0.00000000    
   0.00000000    
   0.00000000    
   0.00000000    
   0.00000000    
   0.00000000    
   0.00000000    
   0.00000000    
   0.00000000    
   0.00000000    
   0.00000000    
   0.00000000    
   0.00000000    
   0.00000000    
   0.00000000    
   0.00000000    
   0.00000000    
   0.00000000    
   0.00000000    
   0.00000000    
   0.00000000    
   0.00000000    
   0.00000000    
   0.00000000    
   0.00000000    
   0.00000000    
   0.00000000    
   0.00000000    
   0.00000000    
   0.00000000    
   0.00000000    
   0.00000000    
   0.00000000    
   0.00000000    
   0.00000000    
   0.00000000    
   0.00000000    
   0.00000000    
   0.00000000    
   0.00000000    
   0.00000000    
   0.00000000    
   0.00000000    
   0.00000000    
   0.00000000    
   0.00000000    
   0.00000000    
   0.00000000    
   0.00000000    
   0.00000000    
   0.00000000    
   0.00000000    
   0.00000000    
   0.00000000    
   0.00000000    
   0.00000000    
   0.00000000    
   0.00000000    
   0.00000000    
