# E y yerr
2.364000000000000323e+00 1.423880700000000067e-08 6.601539900000000314e-10
2.492000000000000437e+00 1.128603699999999950e-08 5.182046499999999617e-10
2.620000000000000107e+00 1.075448000000000069e-08 4.963697200000000072e-10
2.748000000000000220e+00 1.082038599999999924e-08 5.222149899999999973e-10
2.876000000000000334e+00 9.095637999999999605e-09 4.239343599999999869e-10
3.004000000000000004e+00 1.127320299999999962e-08 5.286940899999999816e-10
3.132000000000000117e+00 9.464847600000000108e-09 4.524479399999999988e-10
3.260000000000000231e+00 9.034379500000000235e-09 4.009916300000000003e-10
3.388000000000000345e+00 1.027424399999999991e-08 4.546110399999999745e-10
3.516000000000000458e+00 8.408352199999999691e-09 3.759877999999999825e-10
3.644000000000000572e+00 8.817612400000000470e-09 3.841796899999999745e-10
3.772000000000000686e+00 9.854248099999999771e-09 4.352835299999999778e-10
3.899999999999999911e+00 8.701484000000000058e-09 3.841678099999999925e-10
4.027999999999999581e+00 9.351679400000000338e-09 4.138596400000000050e-10
4.155999999999999694e+00 9.373097900000000391e-09 3.710876100000000112e-10
4.283999999999999808e+00 9.942832299999999577e-09 4.161729299999999942e-10
4.411999999999999922e+00 9.393200899999999655e-09 4.368608800000000210e-10
4.540000000000000036e+00 1.045975199999999939e-08 4.702006600000000342e-10
4.668000000000000149e+00 1.129891600000000048e-08 4.729534499999999680e-10
4.795999999999999375e+00 1.094750499999999920e-08 4.689236800000000253e-10
4.923999999999999488e+00 1.036984399999999945e-08 4.560342700000000232e-10
5.051999999999999602e+00 1.102489400000000041e-08 4.639423800000000065e-10
5.179999999999999716e+00 1.114183899999999974e-08 4.412429000000000128e-10
5.307999999999999829e+00 1.197056100000000080e-08 5.582650999999999647e-10
5.435999999999999943e+00 1.208135800000000075e-08 5.405798600000000056e-10
5.564000000000000057e+00 1.246703499999999964e-08 5.837856299999999793e-10
5.692000000000000171e+00 1.272212600000000016e-08 5.293919699999999548e-10
5.820000000000000284e+00 1.363370000000000018e-08 6.036668900000000476e-10
5.947999999999999510e+00 1.393858399999999969e-08 6.198599999999999667e-10
6.075999999999999623e+00 1.407039300000000080e-08 6.049315499999999757e-10
6.203999999999999737e+00 1.300383099999999924e-08 5.532966300000000239e-10
6.331999999999999851e+00 1.367732899999999964e-08 6.137440599999999834e-10
6.459999999999999964e+00 1.501880200000000010e-08 7.299371100000000136e-10
6.588000000000000078e+00 1.625801400000000023e-08 8.007815499999999767e-10
6.716000000000000192e+00 1.699684299999999952e-08 8.044503999999999707e-10
6.843999999999999417e+00 1.804997200000000050e-08 9.014843300000000292e-10
6.971999999999999531e+00 1.772203399999999906e-08 8.530362500000000278e-10
7.099999999999999645e+00 1.832995999999999985e-08 9.622538299999999608e-10
7.227999999999999758e+00 1.662760799999999919e-08 8.214209900000000081e-10
7.355999999999999872e+00 1.364261600000000015e-08 8.557281599999999729e-10
7.483999999999999986e+00 1.352730900000000019e-08 8.452952800000000328e-10
7.612000000000000099e+00 1.447124399999999937e-08 1.074604200000000089e-09
7.740000000000000213e+00 1.363271099999999925e-08 1.080286900000000045e-09
7.868000000000000327e+00 1.345402500000000059e-08 1.065258500000000039e-09
7.996000000000000441e+00 1.485140100000000055e-08 1.161229100000000055e-09
8.124000000000000554e+00 1.573866699999999925e-08 1.176623200000000003e-09
8.252000000000000668e+00 1.373809300000000020e-08 1.316820800000000057e-09
8.380000000000000782e+00 1.340607399999999984e-08 1.504435899999999962e-09
8.507999999999999119e+00 1.040156899999999936e-08 1.156076499999999921e-09
8.635999999999999233e+00 1.021757300000000045e-08 1.214264599999999918e-09
8.763999999999999346e+00 8.329034400000000712e-09 1.348020799999999908e-09
8.891999999999999460e+00 7.590110799999999390e-09 1.263831999999999984e-09
9.019999999999999574e+00 6.964776799999999821e-09 1.335866100000000059e-09
9.147999999999999687e+00 9.922139599999999277e-09 1.790997700000000010e-09
9.275999999999999801e+00 1.001461400000000005e-08 1.756495599999999925e-09
9.403999999999999915e+00 7.149848700000000078e-09 1.518574500000000048e-09
9.532000000000000028e+00 7.353617299999999642e-09 1.861193900000000066e-09
9.660000000000000142e+00 1.008697200000000060e-08 3.060622200000000003e-09
9.788000000000000256e+00 7.864390900000000671e-09 3.662369100000000168e-09
9.916000000000000369e+00 6.827353299999999815e-09 3.539548899999999901e-09
1.004400000000000048e+01 6.595738600000000188e-09 3.863906499999999865e-09
1.017200000000000060e+01 4.232027199999999847e-09 3.690791699999999953e-09
1.030000000000000071e+01 4.495115400000000274e-09 3.085303099999999836e-09
1.042799999999999905e+01 5.301530700000000332e-13 3.487772699999999871e-09
1.055599999999999916e+01 1.683844700000000101e-09 3.072073299999999936e-09
1.068399999999999928e+01 9.445882300000000172e-11 3.135295099999999802e-09
1.081199999999999939e+01 7.310067300000000028e-13 6.798737600000000099e-09
1.093999999999999950e+01 1.807327400000000043e-08 2.048185999999999941e-08
1.106799999999999962e+01 9.059912100000000319e-13 3.490647400000000057e-08
