   0.25  1.140  1.21E-01 4.84E-01 4.84E-01 1.16E-01 2.09E-01 1.26E-01 3.82E-02 6.42E-03 6.16E-04 3.44E-05 1.13E-06 2.18E-08 2.50E-10 1.70E-12 6.92E-15 1.68E-17 2.43E-20 0.00E+00 0.00E+00 0.00E+00 0.00E+00 0.00E+00 0.00E+00 0.00E+00 0.00E+00 0.00E+00 0.00E+00 0.00E+00 0.00E+00 0.00E+00 0.00E+00 0.00E+00 0.00E+00 
   0.50  0.000  1.96E-01 3.01E-01 3.01E-01 7.19E-02 1.30E-01 7.81E-02 2.38E-02 3.99E-03 3.83E-04 2.14E-05 7.01E-07 1.36E-08 1.55E-10 1.06E-12 4.31E-15 1.04E-17 1.51E-20 0.00E+00 0.00E+00 0.00E+00 0.00E+00 0.00E+00 0.00E+00 0.00E+00 0.00E+00 0.00E+00 0.00E+00 0.00E+00 0.00E+00 0.00E+00 0.00E+00 0.00E+00 0.00E+00 
   0.75  0.678  3.02E-01 4.22E-01 4.22E-01 9.97E-02 1.81E-01 1.10E-01 3.41E-02 5.87E-03 5.81E-04 3.36E-05 1.15E-06 2.33E-08 2.81E-10 2.04E-12 8.82E-15 2.30E-17 3.59E-20 0.00E+00 0.00E+00 0.00E+00 0.00E+00 0.00E+00 0.00E+00 0.00E+00 0.00E+00 0.00E+00 0.00E+00 0.00E+00 0.00E+00 0.00E+00 0.00E+00 0.00E+00 0.00E+00 
   1.00  0.624  9.60E-01 2.63E+00 2.63E+00 3.65E-01 8.22E-01 7.70E-01 4.55E-01 1.85E-01 5.36E-02 1.13E-02 1.73E-03 1.96E-04 1.65E-05 1.02E-06 4.72E-08 1.62E-09 4.16E-11 7.94E-13 1.13E-14 1.20E-16 9.57E-19 0.00E+00 0.00E+00 0.00E+00 0.00E+00 0.00E+00 0.00E+00 0.00E+00 0.00E+00 0.00E+00 0.00E+00 0.00E+00 0.00E+00 
   1.25  0.164  2.69E+00 6.93E+00 6.93E+00 7.14E-01 1.73E+00 1.89E+00 1.40E+00 7.73E-01 3.28E-01 1.09E-01 2.85E-02 5.93E-03 9.86E-04 1.31E-04 1.40E-05 1.20E-06 8.23E-08 4.56E-09 2.03E-10 7.30E-12 2.12E-13 4.94E-15 9.31E-17 1.42E-18 0.00E+00 0.00E+00 0.00E+00 0.00E+00 0.00E+00 0.00E+00 0.00E+00 0.00E+00 0.00E+00 
   1.50  0.278  3.42E+00 2.90E+00 2.90E+00 2.51E-01 6.31E-01 7.38E-01 6.07E-01 3.84E-01 1.94E-01 7.91E-02 2.64E-02 7.25E-03 1.65E-03 3.09E-04 4.82E-05 6.25E-06 6.75E-07 6.07E-08 4.55E-09 2.84E-10 1.48E-11 6.46E-13 2.35E-14 7.14E-16 1.81E-17 3.85E-19 0.00E+00 0.00E+00 0.00E+00 0.00E+00 0.00E+00 0.00E+00 0.00E+00 
   1.75  0.842  4.48E+00 4.26E+00 4.26E+00 3.26E-01 8.37E-01 1.02E+00 8.95E-01 6.17E-01 3.46E-01 1.60E-01 6.21E-02 2.02E-02 5.55E-03 1.29E-03 2.54E-04 4.25E-05 6.04E-06 7.31E-07 7.53E-08 6.61E-09 4.95E-10 3.16E-11 1.72E-12 7.99E-14 3.17E-15 1.07E-16 3.10E-18 7.66E-20 0.00E+00 0.00E+00 0.00E+00 0.00E+00 0.00E+00 
   2.00  0.531  6.04E+00 6.24E+00 6.24E+00 4.33E-01 1.13E+00 1.42E+00 1.30E+00 9.49E-01 5.73E-01 2.90E-01 1.25E-01 4.57E-02 1.43E-02 3.86E-03 8.95E-04 1.79E-04 3.08E-05 4.59E-06 5.90E-07 6.57E-08 6.32E-09 5.27E-10 3.80E-11 2.37E-12 1.28E-13 6.02E-15 2.45E-16 8.62E-18 2.63E-19 0.00E+00 0.00E+00 0.00E+00 0.00E+00 
   2.25  0.596  7.07E+00 4.13E+00 4.13E+00 2.64E-01 6.95E-01 8.94E-01 8.47E-01 6.47E-01 4.13E-01 2.24E-01 1.04E-01 4.16E-02 1.44E-02 4.34E-03 1.14E-03 2.60E-04 5.17E-05 8.99E-06 1.37E-06 1.82E-07 2.11E-08 2.15E-09 1.91E-10 1.49E-11 1.02E-12 6.11E-14 3.21E-15 1.47E-16 5.95E-18 2.10E-19 0.00E+00 0.00E+00 0.00E+00 
   2.50  0.208  1.03E+01 1.29E+01 1.29E+01 7.73E-01 2.05E+00 2.69E+00 2.61E+00 2.07E+00 1.38E+00 7.87E-01 3.89E-01 1.67E-01 6.26E-02 2.06E-02 5.94E-03 1.51E-03 3.36E-04 6.61E-05 1.15E-05 1.75E-06 2.36E-07 2.81E-08 2.96E-09 2.75E-10 2.26E-11 1.64E-12 1.05E-13 5.98E-15 3.00E-16 1.33E-17 5.23E-19 0.00E+00 0.00E+00 
   2.75  4.013  1.38E+01 1.40E+01 1.40E+01 7.90E-01 2.11E+00 2.81E+00 2.79E+00 2.27E+00 1.57E+00 9.35E-01 4.85E-01 2.21E-01 8.83E-02 3.12E-02 9.72E-03 2.69E-03 6.58E-04 1.43E-04 2.76E-05 4.73E-06 7.20E-07 9.76E-08 1.18E-08 1.26E-09 1.20E-10 1.02E-11 7.73E-13 5.21E-14 3.13E-15 1.67E-16 7.95E-18 3.37E-19 0.00E+00 
   3.00  3.632  1.97E+01 2.37E+01 2.37E+01 1.26E+00 3.41E+00 4.57E+00 4.63E+00 3.86E+00 2.75E+00 1.70E+00 9.18E-01 4.38E-01 1.85E-01 6.93E-02 2.31E-02 6.85E-03 1.81E-03 4.28E-04 9.04E-05 1.70E-05 2.87E-06 4.34E-07 5.85E-08 7.07E-09 7.65E-10 7.41E-11 6.43E-12 5.00E-13 3.48E-14 2.17E-15 1.22E-16 6.10E-18 2.74E-19 
   3.25  0.664  2.66E+01 2.75E+01 2.75E+01 1.40E+00 3.78E+00 5.13E+00 5.27E+00 4.49E+00 3.28E+00 2.09E+00 1.17E+00 5.82E-01 2.57E-01 1.01E-01 3.57E-02 1.13E-02 3.19E-03 8.09E-04 1.84E-04 3.77E-05 6.93E-06 1.15E-06 1.70E-07 2.28E-08 2.75E-09 2.98E-10 2.90E-11 2.55E-12 2.02E-13 1.44E-14 9.23E-16 5.34E-17 2.78E-18 
   3.50  3.212  3.73E+01 4.28E+01 4.28E+01 2.09E+00 5.67E+00 7.76E+00 8.08E+00 7.00E+00 5.23E+00 3.42E+00 1.98E+00 1.02E+00 4.68E-01 1.93E-01 7.13E-02 2.37E-02 7.11E-03 1.92E-03 4.67E-04 1.03E-04 2.03E-05 3.64E-06 5.89E-07 8.60E-08 1.14E-08 1.36E-09 1.47E-10 1.43E-11 1.26E-12 1.01E-13 7.31E-15 4.78E-16 2.83E-17 
   3.75  0.609  5.65E+01 7.68E+01 7.68E+01 3.60E+00 9.82E+00 1.35E+01 1.43E+01 1.26E+01 9.55E+00 6.39E+00 3.80E+00 2.02E+00 9.61E-01 4.12E-01 1.59E-01 5.54E-02 1.74E-02 4.97E-03 1.28E-03 3.00E-04 6.35E-05 1.22E-05 2.12E-06 3.35E-07 4.80E-08 6.24E-09 7.37E-10 7.90E-11 7.69E-12 6.80E-13 5.46E-14 3.98E-15 2.64E-16 
   4.00  0.604  8.14E+01 9.95E+01 9.95E+01 4.49E+00 1.23E+01 1.71E+01 1.82E+01 1.62E+01 1.26E+01 8.58E+00 5.22E+00 2.85E+00 1.40E+00 6.21E-01 2.49E-01 9.05E-02 2.98E-02 8.91E-03 2.42E-03 5.98E-04 1.34E-04 2.74E-05 5.09E-06 8.62E-07 1.33E-07 1.86E-08 2.38E-09 2.77E-10 2.94E-11 2.84E-12 2.51E-13 2.01E-14 1.47E-15 
   4.25  1.238  1.11E+02 1.17E+02 1.17E+02 5.11E+00 1.40E+01 1.96E+01 2.11E+01 1.90E+01 1.50E+01 1.04E+01 6.48E+00 3.62E+00 1.83E+00 8.37E-01 3.47E-01 1.31E-01 4.49E-02 1.40E-02 3.98E-03 1.03E-03 2.44E-04 5.28E-05 1.04E-05 1.87E-06 3.08E-07 4.62E-08 6.34E-09 7.95E-10 9.10E-11 9.54E-12 9.13E-13 8.00E-14 6.40E-15 
   4.50  1.487  1.47E+02 1.44E+02 1.44E+02 6.09E+00 1.68E+01 2.36E+01 2.55E+01 2.33E+01 1.86E+01 1.32E+01 8.35E+00 4.77E+00 2.47E+00 1.16E+00 4.97E-01 1.94E-01 6.89E-02 2.24E-02 6.63E-03 1.80E-03 4.46E-04 1.01E-04 2.10E-05 4.00E-06 6.97E-07 1.11E-07 1.63E-08 2.18E-09 2.68E-10 3.02E-11 3.12E-12 2.95E-13 2.56E-14 
   4.75  1.386  1.91E+02 1.78E+02 1.78E+02 7.31E+00 2.02E+01 2.85E+01 3.11E+01 2.87E+01 2.32E+01 1.67E+01 1.08E+01 6.28E+00 3.33E+00 1.60E+00 7.05E-01 2.83E-01 1.04E-01 3.50E-02 1.08E-02 3.05E-03 7.88E-04 1.87E-04 4.08E-05 8.17E-06 1.50E-06 2.53E-07 3.93E-08 5.59E-09 7.32E-10 8.80E-11 9.73E-12 9.88E-13 9.23E-14 
   5.00  1.244  2.45E+02 2.15E+02 2.15E+02 8.60E+00 2.38E+01 3.38E+01 3.71E+01 3.46E+01 2.82E+01 2.06E+01 1.35E+01 8.02E+00 4.34E+00 2.14E+00 9.66E-01 3.99E-01 1.51E-01 5.25E-02 1.67E-02 4.90E-03 1.32E-03 3.27E-04 7.45E-05 1.56E-05 3.01E-06 5.35E-07 8.74E-08 1.32E-08 1.82E-09 2.33E-10 2.74E-11 2.97E-12 2.97E-13 
   5.50  2.093  4.40E+02 3.90E+02 3.90E+02 1.48E+01 4.11E+01 5.87E+01 6.53E+01 6.18E+01 5.15E+01 3.85E+01 2.60E+01 1.60E+01 8.96E+00 4.60E+00 2.17E+00 9.42E-01 3.76E-01 1.38E-01 4.69E-02 1.47E-02 4.24E-03 1.13E-03 2.78E-04 6.32E-05 1.33E-05 2.58E-06 4.63E-07 7.69E-08 1.18E-08 1.68E-09 2.20E-10 2.68E-11 3.01E-12 
   6.00  1.325  7.19E+02 5.59E+02 5.59E+02 2.02E+01 5.64E+01 8.12E+01 9.13E+01 8.76E+01 7.43E+01 5.67E+01 3.92E+01 2.48E+01 1.44E+01 7.64E+00 3.75E+00 1.70E+00 7.08E-01 2.74E-01 9.78E-02 3.24E-02 9.91E-03 2.81E-03 7.40E-04 1.81E-04 4.09E-05 8.57E-06 1.67E-06 3.01E-07 5.05E-08 7.86E-09 1.13E-09 1.52E-10 1.89E-11 
   6.50  1.259  1.16E+03 8.74E+02 8.74E+02 3.03E+01 8.48E+01 1.23E+02 1.39E+02 1.36E+02 1.17E+02 9.06E+01 6.41E+01 4.15E+01 2.47E+01 1.36E+01 6.88E+00 3.23E+00 1.40E+00 5.66E-01 2.12E-01 7.35E-02 2.37E-02 7.12E-03 1.98E-03 5.15E-04 1.24E-04 2.79E-05 5.82E-06 1.13E-06 2.05E-07 3.45E-08 5.40E-09 7.89E-10 1.07E-10 
   7.00  2.155  1.78E+03 1.24E+03 1.24E+03 4.14E+01 1.16E+02 1.69E+02 1.93E+02 1.90E+02 1.66E+02 1.31E+02 9.43E+01 6.24E+01 3.81E+01 2.15E+01 1.12E+01 5.44E+00 2.45E+00 1.02E+00 3.99E-01 1.45E-01 4.89E-02 1.54E-02 4.52E-03 1.24E-03 3.16E-04 7.52E-05 1.67E-05 3.46E-06 6.70E-07 1.21E-07 2.04E-08 3.22E-09 4.73E-10 
   7.50  0.955  2.78E+03 2.01E+03 2.01E+03 6.47E+01 1.82E+02 2.66E+02 3.07E+02 3.04E+02 2.69E+02 2.15E+02 1.58E+02 1.06E+02 6.63E+01 3.83E+01 2.05E+01 1.02E+01 4.76E+00 2.06E+00 8.32E-01 3.14E-01 1.10E-01 3.63E-02 1.12E-02 3.20E-03 8.59E-04 2.16E-04 5.07E-05 1.11E-05 2.29E-06 4.40E-07 7.91E-08 1.33E-08 2.10E-09 
   8.00  1.140  4.34E+03 3.12E+03 3.12E+03 9.70E+01 2.73E+02 4.02E+02 4.66E+02 4.66E+02 4.16E+02 3.38E+02 2.51E+02 1.72E+02 1.09E+02 6.46E+01 3.55E+01 1.82E+01 8.68E+00 3.87E+00 1.62E+00 6.30E-01 2.30E-01 7.86E-02 2.52E-02 7.54E-03 2.12E-03 5.58E-04 1.38E-04 3.18E-05 6.90E-06 1.40E-06 2.68E-07 4.79E-08 8.04E-09 
   8.50  1.140  6.76E+03 4.83E+03 4.83E+03 1.46E+02 4.11E+02 6.07E+02 7.08E+02 7.14E+02 6.44E+02 5.29E+02 3.99E+02 2.78E+02 1.80E+02 1.08E+02 6.07E+01 3.18E+01 1.56E+01 7.15E+00 3.07E+00 1.24E+00 4.66E-01 1.65E-01 5.48E-02 1.71E-02 5.00E-03 1.37E-03 3.54E-04 8.59E-05 1.96E-05 4.18E-06 8.41E-07 1.59E-07 2.82E-08 
   9.00  1.140  1.05E+04 7.50E+03 7.50E+03 2.20E+02 6.21E+02 9.20E+02 1.08E+03 1.10E+03 9.96E+02 8.26E+02 6.31E+02 4.46E+02 2.93E+02 1.80E+02 1.03E+02 5.50E+01 2.76E+01 1.30E+01 5.72E+00 2.37E+00 9.21E-01 3.37E-01 1.16E-01 3.73E-02 1.13E-02 3.24E-03 8.71E-04 2.20E-04 5.24E-05 1.18E-05 2.48E-06 4.92E-07 9.20E-08 
   9.50  1.140  1.63E+04 1.16E+04 1.16E+04 3.31E+02 9.38E+02 1.39E+03 1.64E+03 1.68E+03 1.54E+03 1.29E+03 9.96E+02 7.13E+02 4.76E+02 2.96E+02 1.73E+02 9.42E+01 4.82E+01 2.32E+01 1.05E+01 4.46E+00 1.78E+00 6.71E-01 2.38E-01 7.93E-02 2.49E-02 7.38E-03 2.06E-03 5.41E-04 1.34E-04 3.14E-05 6.91E-06 1.44E-06 2.82E-07 
  10.00  1.140  2.53E+04 1.80E+04 1.80E+04 5.00E+02 1.42E+03 2.12E+03 2.50E+03 2.58E+03 2.38E+03 2.01E+03 1.57E+03 1.14E+03 7.69E+02 4.86E+02 2.88E+02 1.60E+02 8.35E+01 4.10E+01 1.90E+01 8.25E+00 3.39E+00 1.31E+00 4.77E-01 1.64E-01 5.32E-02 1.63E-02 4.70E-03 1.28E-03 3.30E-04 8.01E-05 1.84E-05 3.98E-06 8.16E-07 
  11.00  1.140  6.87E+04 4.34E+04 4.34E+04 1.15E+03 3.26E+03 4.88E+03 5.83E+03 6.06E+03 5.67E+03 4.87E+03 3.87E+03 2.87E+03 1.99E+03 1.29E+03 7.86E+02 4.51E+02 2.44E+02 1.24E+02 5.98E+01 2.72E+01 1.17E+01 4.73E+00 1.81E+00 6.58E-01 2.26E-01 7.32E-02 2.25E-02 6.53E-03 1.80E-03 4.68E-04 1.15E-04 2.69E-05 5.96E-06 
  12.00  1.140  1.73E+05 1.04E+05 1.04E+05 2.64E+03 7.51E+03 1.13E+04 1.36E+04 1.43E+04 1.35E+04 1.18E+04 9.50E+03 7.17E+03 5.07E+03 3.37E+03 2.11E+03 1.24E+03 6.92E+02 3.65E+02 1.82E+02 8.56E+01 3.82E+01 1.62E+01 6.47E+00 2.46E+00 8.85E-01 3.02E-01 9.79E-02 3.01E-02 8.76E-03 2.42E-03 6.36E-04 1.59E-04 3.75E-05 
  13.00  1.140  4.23E+05 2.50E+05 2.50E+05 6.08E+03 1.74E+04 2.63E+04 3.17E+04 3.36E+04 3.21E+04 2.83E+04 2.32E+04 1.78E+04 1.28E+04 8.68E+03 5.55E+03 3.36E+03 1.92E+03 1.04E+03 5.35E+02 2.60E+02 1.20E+02 5.27E+01 2.20E+01 8.69E+00 3.26E+00 1.17E+00 3.95E-01 1.28E-01 3.91E-02 1.14E-02 3.16E-03 8.34E-04 2.09E-04 
  14.00  1.140  1.03E+06 6.02E+05 6.02E+05 1.41E+04 4.03E+04 6.11E+04 7.43E+04 7.92E+04 7.65E+04 6.81E+04 5.65E+04 4.40E+04 3.22E+04 2.22E+04 1.45E+04 8.95E+03 5.24E+03 2.91E+03 1.54E+03 7.70E+02 3.67E+02 1.66E+02 7.16E+01 2.94E+01 1.15E+01 4.26E+00 1.51E+00 5.07E-01 1.63E-01 4.97E-02 1.45E-02 4.02E-03 1.06E-03 
  15.00  1.140  2.47E+06 1.45E+06 1.45E+06 3.27E+04 9.38E+04 1.43E+05 1.74E+05 1.87E+05 1.82E+05 1.64E+05 1.37E+05 1.08E+05 8.04E+04 5.64E+04 3.75E+04 2.36E+04 1.41E+04 8.02E+03 4.33E+03 2.23E+03 1.09E+03 5.09E+02 2.26E+02 9.58E+01 3.87E+01 1.49E+01 5.47E+00 1.91E+00 6.39E-01 2.04E-01 6.20E-02 1.80E-02 4.98E-03 
  16.00  1.140  5.95E+06 3.48E+06 3.48E+06 7.62E+04 2.19E+05 3.34E+05 4.10E+05 4.42E+05 4.33E+05 3.93E+05 3.33E+05 2.66E+05 2.00E+05 1.42E+05 9.60E+04 6.15E+04 3.75E+04 2.18E+04 1.20E+04 6.33E+03 3.18E+03 1.52E+03 6.95E+02 3.03E+02 1.26E+02 5.01E+01 1.90E+01 6.90E+00 2.39E+00 7.91E-01 2.50E-01 7.56E-02 2.18E-02 
  17.00  1.140  1.43E+07 8.37E+06 8.37E+06 1.78E+05 5.11E+05 7.82E+05 9.63E+05 1.04E+06 1.03E+06 9.43E+05 8.07E+05 6.50E+05 4.95E+05 3.57E+05 2.44E+05 1.59E+05 9.87E+04 5.83E+04 3.29E+04 1.77E+04 9.07E+03 4.45E+03 2.08E+03 9.33E+02 3.99E+02 1.63E+02 6.39E+01 2.39E+01 8.57E+00 2.94E+00 9.62E-01 3.02E-01 9.06E-02 
  18.00  1.140  3.44E+07 2.01E+07 2.01E+07 4.15E+05 1.19E+06 1.83E+06 2.26E+06 2.47E+06 2.45E+06 2.26E+06 1.95E+06 1.58E+06 1.22E+06 8.90E+05 6.18E+05 4.08E+05 2.57E+05 1.55E+05 8.87E+04 4.86E+04 2.55E+04 1.28E+04 6.12E+03 2.81E+03 1.23E+03 5.18E+02 2.08E+02 8.03E+01 2.96E+01 1.05E+01 3.55E+00 1.15E+00 3.58E-01 
  19.00  1.140  8.28E+07 4.83E+07 4.83E+07 9.70E+05 2.80E+06 4.30E+06 5.33E+06 5.83E+06 5.83E+06 5.40E+06 4.70E+06 3.86E+06 3.00E+06 2.21E+06 1.55E+06 1.04E+06 6.65E+05 4.06E+05 2.37E+05 1.32E+05 7.06E+04 3.61E+04 1.77E+04 8.29E+03 3.73E+03 1.60E+03 6.62E+02 2.62E+02 9.95E+01 3.62E+01 1.26E+01 4.23E+00 1.36E+00 
  20.00  1.140  1.99E+08 1.16E+08 1.16E+08 2.28E+06 6.56E+06 1.01E+07 1.26E+07 1.38E+07 1.39E+07 1.29E+07 1.13E+07 9.39E+06 7.36E+06 5.49E+06 3.90E+06 2.65E+06 1.71E+06 1.06E+06 6.29E+05 3.57E+05 1.94E+05 1.01E+05 5.04E+04 2.41E+04 1.11E+04 4.88E+03 2.06E+03 8.36E+02 3.25E+02 1.22E+02 4.36E+01 1.50E+01 4.97E+00 
  22.50  1.140  2.80E+09 1.04E+09 1.04E+09 1.92E+07 5.56E+07 8.61E+07 1.08E+08 1.19E+08 1.21E+08 1.15E+08 1.02E+08 8.61E+07 6.89E+07 5.25E+07 3.83E+07 2.67E+07 1.78E+07 1.14E+07 6.96E+06 4.10E+06 2.31E+06 1.25E+06 6.53E+05 3.27E+05 1.58E+05 7.29E+04 3.24E+04 1.39E+04 5.72E+03 2.27E+03 8.64E+02 3.17E+02 1.12E+02 
  25.00  1.140  2.61E+10 9.34E+09 9.34E+09 1.64E+08 4.74E+08 7.36E+08 9.27E+08 1.04E+09 1.06E+09 1.02E+09 9.16E+08 7.83E+08 6.38E+08 4.96E+08 3.69E+08 2.63E+08 1.80E+08 1.18E+08 7.44E+07 4.51E+07 2.63E+07 1.48E+07 7.97E+06 4.15E+06 2.08E+06 1.00E+06 4.66E+05 2.09E+05 9.02E+04 3.76E+04 1.51E+04 5.83E+03 2.18E+03 
  30.00  1.140  3.77E+12 7.50E+11 7.50E+11 1.20E+10 3.48E+10 5.45E+10 6.92E+10 7.83E+10 8.15E+10 7.94E+10 7.32E+10 6.41E+10 5.37E+10 4.30E+10 3.31E+10 2.45E+10 1.74E+10 1.19E+10 7.87E+09 5.01E+09 3.08E+09 1.83E+09 1.05E+09 5.78E+08 3.09E+08 1.59E+08 7.95E+07 3.83E+07 1.79E+07 8.06E+06 3.51E+06 1.48E+06 6.04E+05 
  40.00  1.140  4.83E+16 4.83E+15 4.83E+15 6.71E+13 1.96E+14 3.08E+14 3.97E+14 4.57E+14 4.86E+14 4.86E+14 4.61E+14 4.18E+14 3.64E+14 3.05E+14 2.46E+14 1.91E+14 1.44E+14 1.05E+14 7.36E+13 5.02E+13 3.31E+13 2.12E+13 1.32E+13 7.94E+12 4.64E+12 2.63E+12 1.45E+12 7.75E+11 4.02E+11 2.02E+11 9.91E+10 4.71E+10 2.17E+10 
  50.00  1.140  3.12E+20 3.12E+19 3.12E+19 3.88E+17 1.13E+18 1.80E+18 2.34E+18 2.72E+18 2.93E+18 2.99E+18 2.89E+18 2.69E+18 2.40E+18 2.07E+18 1.72E+18 1.39E+18 1.08E+18 8.21E+17 6.04E+17 4.31E+17 2.99E+17 2.02E+17 1.33E+17 8.47E+16 5.27E+16 3.18E+16 1.88E+16 1.07E+16 6.00E+15 3.26E+15 1.73E+15 8.91E+14 4.47E+14 
  60.00  1.140  2.01E+24 2.01E+23 2.01E+23 2.29E+21 6.70E+21 1.07E+22 1.40E+22 1.64E+22 1.79E+22 1.84E+22 1.81E+22 1.71E+22 1.56E+22 1.37E+22 1.17E+22 9.68E+21 7.77E+21 6.07E+21 4.61E+21 3.41E+21 2.46E+21 1.72E+21 1.18E+21 7.86E+20 5.11E+20 3.24E+20 2.00E+20 1.21E+20 7.13E+19 4.10E+19 2.30E+19 1.26E+19 6.74E+18 
  70.00  1.140  1.30E+28 1.30E+27 1.30E+27 1.37E+25 4.01E+25 6.41E+25 8.43E+25 9.96E+25 1.10E+26 1.14E+26 1.14E+26 1.09E+26 1.00E+26 9.00E+25 7.81E+25 6.59E+25 5.41E+25 4.33E+25 3.37E+25 2.56E+25 1.90E+25 1.37E+25 9.69E+24 6.68E+24 4.50E+24 2.96E+24 1.90E+24 1.20E+24 7.34E+23 4.41E+23 2.59E+23 1.49E+23 8.35E+22 
