Response function created for file:alfna    at 26-Mar-19 22:23:10
Calibration (a0,a1)= -2000.0    8.000  FWHM=    3.0

 Egam(keV) FWHM(keV) EffTot  Photo  Compton Single  Double   Annih
   240.0      37.7   1.164  0.4095  0.5905  0.0000  0.0000  0.0000
   560.0      36.7   1.117  0.3377  0.6623  0.0000  0.0000  0.0000
   880.0      37.5   1.061  0.3091  0.6909  0.0000  0.0000  0.0000
  1200.0      39.1   1.014  0.2905  0.7088  0.0004  0.0000  0.0002
  1520.0      41.6   0.981  0.2744  0.7201  0.0033  0.0006  0.0016
  1840.0      44.2   0.956  0.2590  0.7270  0.0086  0.0014  0.0041
  2160.0      47.3   0.940  0.2433  0.7320  0.0148  0.0025  0.0074
  2480.0      50.6   0.932  0.2288  0.7353  0.0217  0.0033  0.0109
  2800.0      54.1   0.924  0.2156  0.7375  0.0281  0.0044  0.0144
  3120.0      57.9   0.920  0.2031  0.7398  0.0342  0.0053  0.0177
  3440.0      61.7   0.922  0.1918  0.7419  0.0394  0.0060  0.0209
  3760.0      65.7   0.922  0.1817  0.7436  0.0442  0.0063  0.0241
  4080.0      69.8   0.925  0.1723  0.7450  0.0485  0.0074  0.0268
  4400.0      73.9   0.929  0.1628  0.7467  0.0530  0.0077  0.0298
  4720.0      78.1   0.935  0.1551  0.7507  0.0552  0.0074  0.0316
  5040.0      82.4   0.941  0.1476  0.7548  0.0572  0.0079  0.0326
  5360.0      86.7   0.951  0.1390  0.7578  0.0594  0.0082  0.0356
  5680.0      91.1   0.952  0.1335  0.7606  0.0602  0.0084  0.0374
  6000.0      95.5   0.958  0.1281  0.7644  0.0615  0.0087  0.0373
  6320.0      99.9   0.968  0.1220  0.7688  0.0609  0.0086  0.0398
  6640.0     104.4   0.976  0.1165  0.7726  0.0617  0.0086  0.0406
  6960.0     108.9   0.982  0.1118  0.7772  0.0612  0.0080  0.0417
  7280.0     113.4   0.989  0.1073  0.7812  0.0610  0.0080  0.0425
  7600.0     117.9   1.000  0.1024  0.7858  0.0608  0.0078  0.0431
  7920.0     122.5   1.007  0.0983  0.7908  0.0593  0.0075  0.0441
  8240.0     127.0   1.016  0.0949  0.7945  0.0581  0.0080  0.0446
  8560.0     131.6   1.021  0.0906  0.8002  0.0569  0.0075  0.0449
  8880.0     136.2   1.032  0.0860  0.8055  0.0558  0.0075  0.0452
  9200.0     140.8   1.041  0.0821  0.8103  0.0545  0.0071  0.0460
  9520.0     145.4   1.050  0.0801  0.8142  0.0531  0.0069  0.0457
  9840.0     150.0   1.056  0.0765  0.8187  0.0514  0.0068  0.0465
 10160.0     154.6   1.065  0.0741  0.8224  0.0504  0.0067  0.0465
 10480.0     159.3   1.073  0.0712  0.8269  0.0490  0.0065  0.0466
 10800.0     163.9   1.081  0.0683  0.8312  0.0476  0.0063  0.0467
 11120.0     168.6   1.089  0.0655  0.8354  0.0462  0.0061  0.0468
 11440.0     173.2   1.097  0.0626  0.8398  0.0448  0.0058  0.0469
 11760.0     177.8   1.105  0.0598  0.8443  0.0434  0.0056  0.0470
 12080.0     182.4   1.113  0.0571  0.8486  0.0419  0.0054  0.0470
 12400.0     187.1   1.120  0.0551  0.8521  0.0406  0.0053  0.0470
 12720.0     191.8   1.127  0.0531  0.8556  0.0392  0.0052  0.0469
 13040.0     196.5   1.135  0.0511  0.8592  0.0378  0.0051  0.0469
 13360.0     201.1   1.142  0.0491  0.8627  0.0364  0.0050  0.0468
 13680.0     205.8   1.149  0.0471  0.8662  0.0350  0.0048  0.0468
 Details on efficiency up to 1000 keV:
    Egam  EffTot  EffExp  EffTot*EffExp
=======================================
    16.0   1.186   0.000   0.000
    40.0   1.184   0.000   0.000
    64.0   1.182   0.000   0.000
    88.0   1.179   0.000   0.000
   112.0   1.177   0.000   0.000
   136.0   1.174   0.014   0.016
   160.0   1.172   0.037   0.044
   184.0   1.170   0.066   0.077
   208.0   1.167   0.216   0.252
   232.0   1.165   0.365   0.425
   256.0   1.162   0.478   0.556
   280.0   1.160   0.555   0.644
   304.0   1.157   0.654   0.757
   328.0   1.155   0.784   0.905
   352.0   1.153   0.874   1.008
   376.0   1.150   0.888   1.021
   400.0   1.148   0.901   1.034
   424.0   1.143   0.914   1.045
   448.0   1.139   0.927   1.056
   472.0   1.134   0.940   1.066
   496.0   1.129   0.954   1.077
   520.0   1.125   0.967   1.088
   544.0   1.120   0.980   1.098
   568.0   1.116   0.990   1.105
   592.0   1.111   0.991   1.101
   616.0   1.107   0.992   1.098
   640.0   1.102   0.994   1.095
   664.0   1.098   0.995   1.092
   688.0   1.094   0.996   1.089
   712.0   1.090   0.997   1.086
   736.0   1.085   0.998   1.083
   760.0   1.081   0.999   1.080
   784.0   1.077   1.000   1.077
   808.0   1.073   1.000   1.073
   832.0   1.069   1.000   1.069
   856.0   1.065   1.000   1.065
   880.0   1.061   1.000   1.061
   904.0   1.057   1.000   1.057
   928.0   1.054   1.000   1.054
   952.0   1.050   1.000   1.050
   976.0   1.046   1.000   1.046
  1000.0   1.042   1.000   1.042
