   0.25  1.140  1.21E-01 4.84E-01 4.84E-01 1.20E-01 2.12E-01 1.23E-01 3.53E-02 5.51E-03 4.81E-04 2.40E-05 6.90E-07 1.15E-08 1.11E-10 6.29E-13 2.08E-15 4.03E-18 0.00E+00 0.00E+00 0.00E+00 0.00E+00 0.00E+00 0.00E+00 0.00E+00 0.00E+00 0.00E+00 0.00E+00 0.00E+00 0.00E+00 0.00E+00 0.00E+00 0.00E+00 0.00E+00 0.00E+00 
   0.50  0.000  1.96E-01 3.01E-01 3.01E-01 6.33E-02 1.22E-01 8.35E-02 3.08E-02 6.69E-03 8.87E-04 7.28E-05 3.74E-06 1.21E-07 2.48E-09 3.22E-11 2.65E-13 1.39E-15 4.66E-18 9.93E-21 0.00E+00 0.00E+00 0.00E+00 0.00E+00 0.00E+00 0.00E+00 0.00E+00 0.00E+00 0.00E+00 0.00E+00 0.00E+00 0.00E+00 0.00E+00 0.00E+00 0.00E+00 
   0.75  0.678  3.02E-01 4.22E-01 4.22E-01 7.72E-02 1.58E-01 1.22E-01 5.40E-02 1.49E-02 2.68E-03 3.16E-04 2.48E-05 1.30E-06 4.60E-08 1.09E-09 1.75E-11 1.90E-13 1.40E-15 6.94E-18 2.34E-20 0.00E+00 0.00E+00 0.00E+00 0.00E+00 0.00E+00 0.00E+00 0.00E+00 0.00E+00 0.00E+00 0.00E+00 0.00E+00 0.00E+00 0.00E+00 0.00E+00 
   1.00  0.624  9.60E-01 2.63E+00 2.63E+00 4.26E-01 9.12E-01 7.73E-01 3.93E-01 1.31E-01 2.95E-02 4.59E-03 4.97E-04 3.77E-05 2.01E-06 7.57E-08 2.01E-09 3.79E-11 5.06E-13 4.79E-15 3.22E-17 1.54E-19 0.00E+00 0.00E+00 0.00E+00 0.00E+00 0.00E+00 0.00E+00 0.00E+00 0.00E+00 0.00E+00 0.00E+00 0.00E+00 0.00E+00 0.00E+00 
   1.25  0.164  2.69E+00 6.93E+00 6.93E+00 1.01E+00 2.23E+00 2.04E+00 1.15E+00 4.43E-01 1.20E-01 2.31E-02 3.23E-03 3.27E-04 2.42E-05 1.31E-06 5.17E-08 1.50E-09 3.21E-11 5.04E-13 5.83E-15 4.96E-17 3.11E-19 0.00E+00 0.00E+00 0.00E+00 0.00E+00 0.00E+00 0.00E+00 0.00E+00 0.00E+00 0.00E+00 0.00E+00 0.00E+00 0.00E+00 
   1.50  0.278  3.42E+00 2.90E+00 2.90E+00 3.82E-01 8.73E-01 8.43E-01 5.21E-01 2.25E-01 7.04E-02 1.62E-02 2.77E-03 3.55E-04 3.41E-05 2.47E-06 1.35E-07 5.55E-09 1.73E-10 4.09E-12 7.32E-14 9.94E-16 1.02E-17 7.99E-20 0.00E+00 0.00E+00 0.00E+00 0.00E+00 0.00E+00 0.00E+00 0.00E+00 0.00E+00 0.00E+00 0.00E+00 0.00E+00 
   1.75  0.842  4.48E+00 4.26E+00 4.26E+00 5.14E-01 1.20E+00 1.22E+00 8.09E-01 3.85E-01 1.36E-01 3.61E-02 7.31E-03 1.13E-03 1.35E-04 1.24E-05 8.84E-07 4.86E-08 2.07E-09 6.86E-11 1.76E-12 3.51E-14 5.43E-16 6.54E-18 6.12E-20 0.00E+00 0.00E+00 0.00E+00 0.00E+00 0.00E+00 0.00E+00 0.00E+00 0.00E+00 0.00E+00 0.00E+00 
   2.00  0.531  6.04E+00 6.24E+00 6.24E+00 6.93E-01 1.65E+00 1.75E+00 1.23E+00 6.35E-01 2.48E-01 7.43E-02 1.73E-02 3.15E-03 4.51E-04 5.07E-05 4.50E-06 3.15E-07 1.75E-08 7.66E-10 2.66E-11 7.31E-13 1.60E-14 2.76E-16 3.79E-18 0.00E+00 0.00E+00 0.00E+00 0.00E+00 0.00E+00 0.00E+00 0.00E+00 0.00E+00 0.00E+00 0.00E+00 
   2.25  0.596  7.07E+00 4.13E+00 4.13E+00 4.25E-01 1.03E+00 1.13E+00 8.36E-01 4.62E-01 1.96E-01 6.52E-02 1.71E-02 3.58E-03 5.97E-04 7.97E-05 8.54E-06 7.35E-07 5.08E-08 2.83E-09 1.27E-10 4.60E-12 1.34E-13 3.16E-15 6.00E-17 9.21E-19 0.00E+00 0.00E+00 0.00E+00 0.00E+00 0.00E+00 0.00E+00 0.00E+00 0.00E+00 0.00E+00 
   2.50  0.208  1.03E+01 1.29E+01 1.29E+01 1.24E+00 3.06E+00 3.44E+00 2.67E+00 1.56E+00 7.15E-01 2.60E-01 7.57E-02 1.78E-02 3.39E-03 5.24E-04 6.60E-05 6.78E-06 5.68E-07 3.89E-08 2.18E-09 9.97E-11 3.74E-12 1.15E-13 2.88E-15 5.94E-17 1.00E-18 0.00E+00 0.00E+00 0.00E+00 0.00E+00 0.00E+00 0.00E+00 0.00E+00 0.00E+00 
   2.75  4.013  1.38E+01 1.40E+01 1.40E+01 1.26E+00 3.15E+00 3.63E+00 2.93E+00 1.81E+00 8.81E-01 3.45E-01 1.10E-01 2.87E-02 6.13E-03 1.08E-03 1.56E-04 1.87E-05 1.85E-06 1.52E-07 1.03E-08 5.78E-10 2.70E-11 1.04E-12 3.34E-14 8.89E-16 1.96E-17 3.60E-19 0.00E+00 0.00E+00 0.00E+00 0.00E+00 0.00E+00 0.00E+00 0.00E+00 
   3.00  3.632  1.97E+01 2.37E+01 2.37E+01 2.00E+00 5.05E+00 5.96E+00 4.97E+00 3.21E+00 1.65E+00 6.94E-01 2.39E-01 6.82E-02 1.61E-02 3.17E-03 5.21E-04 7.13E-05 8.17E-06 7.84E-07 6.29E-08 4.23E-09 2.39E-10 1.13E-11 4.49E-13 1.50E-14 4.18E-16 9.83E-18 0.00E+00 0.00E+00 0.00E+00 0.00E+00 0.00E+00 0.00E+00 0.00E+00 
   3.25  0.664  2.66E+01 2.75E+01 2.75E+01 2.19E+00 5.58E+00 6.72E+00 5.78E+00 3.88E+00 2.10E+00 9.36E-01 3.46E-01 1.07E-01 2.76E-02 6.00E-03 1.10E-03 1.70E-04 2.21E-05 2.44E-06 2.27E-07 1.79E-08 1.20E-09 6.78E-11 3.25E-12 1.32E-13 4.56E-15 1.33E-16 3.30E-18 0.00E+00 0.00E+00 0.00E+00 0.00E+00 0.00E+00 0.00E+00 
   3.50  3.212  3.73E+01 4.28E+01 4.28E+01 3.23E+00 8.31E+00 1.02E+01 8.99E+00 6.25E+00 3.54E+00 1.66E+00 6.54E-01 2.17E-01 6.07E-02 1.44E-02 2.91E-03 4.99E-04 7.31E-05 9.12E-06 9.71E-07 8.83E-08 6.86E-09 4.55E-10 2.58E-11 1.25E-12 5.21E-14 1.85E-15 5.63E-17 1.46E-18 0.00E+00 0.00E+00 0.00E+00 0.00E+00 0.00E+00 
   3.75  0.609  5.65E+01 7.68E+01 7.68E+01 5.50E+00 1.43E+01 1.78E+01 1.61E+01 1.15E+01 6.79E+00 3.35E+00 1.39E+00 4.91E-01 1.48E-01 3.80E-02 8.37E-03 1.58E-03 2.56E-04 3.58E-05 4.29E-06 4.43E-07 3.94E-08 3.02E-09 1.99E-10 1.13E-11 5.56E-13 2.35E-14 8.59E-16 2.71E-17 0.00E+00 0.00E+00 0.00E+00 0.00E+00 0.00E+00 
   4.00  0.604  8.14E+01 9.95E+01 9.95E+01 6.78E+00 1.77E+01 2.24E+01 2.07E+01 1.53E+01 9.32E+00 4.79E+00 2.10E+00 7.84E-01 2.51E-01 6.95E-02 1.66E-02 3.41E-03 6.07E-04 9.36E-05 1.25E-05 1.45E-06 1.45E-07 1.27E-08 9.58E-10 6.29E-11 3.59E-12 1.78E-13 7.66E-15 2.86E-16 9.31E-18 0.00E+00 0.00E+00 0.00E+00 0.00E+00 
   4.25  1.238  1.11E+02 1.17E+02 1.17E+02 7.61E+00 2.00E+01 2.56E+01 2.41E+01 1.83E+01 1.15E+01 6.17E+00 2.82E+00 1.11E+00 3.78E-01 1.11E-01 2.85E-02 6.35E-03 1.23E-03 2.08E-04 3.06E-05 3.93E-06 4.41E-07 4.32E-08 3.69E-09 2.76E-10 1.81E-11 1.03E-12 5.16E-14 2.26E-15 8.62E-17 2.89E-18 0.00E+00 0.00E+00 0.00E+00 
   4.50  1.487  1.47E+02 1.44E+02 1.44E+02 8.95E+00 2.37E+01 3.06E+01 2.94E+01 2.28E+01 1.48E+01 8.21E+00 3.92E+00 1.62E+00 5.80E-01 1.81E-01 4.96E-02 1.18E-02 2.48E-03 4.54E-04 7.31E-05 1.03E-05 1.28E-06 1.40E-07 1.34E-08 1.12E-09 8.33E-11 5.42E-12 3.10E-13 1.56E-14 6.93E-16 2.70E-17 0.00E+00 0.00E+00 0.00E+00 
   4.75  1.386  1.91E+02 1.78E+02 1.78E+02 1.06E+01 2.82E+01 3.69E+01 3.59E+01 2.85E+01 1.90E+01 1.09E+01 5.40E+00 2.33E+00 8.76E-01 2.89E-01 8.39E-02 2.14E-02 4.80E-03 9.50E-04 1.66E-04 2.55E-05 3.47E-06 4.17E-07 4.42E-08 4.15E-09 3.44E-10 2.52E-11 1.64E-12 9.38E-14 4.76E-15 2.14E-16 8.49E-18 0.00E+00 0.00E+00 
   5.00  1.244  2.45E+02 2.15E+02 2.15E+02 1.23E+01 3.29E+01 4.35E+01 4.30E+01 3.48E+01 2.38E+01 1.40E+01 7.20E+00 3.23E+00 1.27E+00 4.41E-01 1.35E-01 3.65E-02 8.75E-03 1.86E-03 3.49E-04 5.82E-05 8.60E-06 1.13E-06 1.32E-07 1.36E-08 1.26E-09 1.03E-10 7.47E-12 4.82E-13 2.77E-14 1.42E-15 6.43E-17 2.60E-18 0.00E+00 
   5.50  2.093  4.40E+02 3.90E+02 3.90E+02 2.06E+01 5.55E+01 7.46E+01 7.58E+01 6.35E+01 4.54E+01 2.82E+01 1.54E+01 7.41E+00 3.16E+00 1.20E+00 4.04E-01 1.21E-01 3.26E-02 7.82E-03 1.68E-03 3.22E-04 5.53E-05 8.51E-06 1.17E-06 1.45E-07 1.60E-08 1.59E-09 1.42E-10 1.13E-11 8.09E-13 5.19E-14 2.99E-15 1.55E-16 7.17E-18 
   6.00  1.325  7.19E+02 5.59E+02 5.59E+02 2.75E+01 7.46E+01 1.02E+02 1.06E+02 9.13E+01 6.79E+01 4.41E+01 2.54E+01 1.30E+01 5.92E+00 2.42E+00 8.86E-01 2.92E-01 8.64E-02 2.30E-02 5.54E-03 1.20E-03 2.34E-04 4.13E-05 6.57E-06 9.43E-07 1.22E-07 1.43E-08 1.52E-09 1.45E-10 1.26E-11 9.82E-13 6.93E-14 4.43E-15 2.56E-16 
   6.50  1.259  1.16E+03 8.74E+02 8.74E+02 4.02E+01 1.10E+02 1.52E+02 1.61E+02 1.43E+02 1.10E+02 7.41E+01 4.46E+01 2.40E+01 1.16E+01 5.07E+00 2.00E+00 7.12E-01 2.30E-01 6.71E-02 1.78E-02 4.28E-03 9.35E-04 1.85E-04 3.34E-05 5.47E-06 8.15E-07 1.10E-07 1.36E-08 1.52E-09 1.55E-10 1.44E-11 1.21E-12 9.29E-14 6.49E-15 
   7.00  2.155  1.78E+03 1.24E+03 1.24E+03 5.35E+01 1.47E+02 2.06E+02 2.22E+02 2.01E+02 1.59E+02 1.11E+02 6.98E+01 3.94E+01 2.01E+01 9.28E+00 3.89E+00 1.49E+00 5.16E-01 1.64E-01 4.73E-02 1.25E-02 3.00E-03 6.60E-04 1.33E-04 2.44E-05 4.09E-06 6.29E-07 8.84E-08 1.14E-08 1.34E-09 1.44E-10 1.42E-11 1.28E-12 1.05E-13 
   7.50  0.955  2.78E+03 2.01E+03 2.01E+03 8.17E+01 2.26E+02 3.19E+02 3.49E+02 3.23E+02 2.62E+02 1.89E+02 1.23E+02 7.22E+01 3.85E+01 1.87E+01 8.31E+00 3.37E+00 1.25E+00 4.26E-01 1.33E-01 3.80E-02 9.97E-03 2.40E-03 5.32E-04 1.08E-04 2.02E-05 3.47E-06 5.48E-07 7.96E-08 1.06E-08 1.31E-09 1.47E-10 1.53E-11 1.47E-12 
   8.00  1.140  4.34E+03 3.12E+03 3.12E+03 1.20E+02 3.32E+02 4.74E+02 5.26E+02 4.96E+02 4.11E+02 3.05E+02 2.04E+02 1.25E+02 6.92E+01 3.52E+01 1.64E+01 7.03E+00 2.77E+00 1.00E+00 3.35E-01 1.03E-01 2.92E-02 7.62E-03 1.84E-03 4.09E-04 8.41E-05 1.60E-05 2.80E-06 4.53E-07 6.77E-08 9.35E-09 1.19E-09 1.41E-10 1.53E-11 
   8.50  1.140  6.76E+03 4.83E+03 4.83E+03 1.76E+02 4.91E+02 7.06E+02 7.93E+02 7.59E+02 6.43E+02 4.88E+02 3.37E+02 2.12E+02 1.22E+02 6.47E+01 3.15E+01 1.42E+01 5.88E+00 2.26E+00 8.00E-01 2.62E-01 7.97E-02 2.24E-02 5.84E-03 1.41E-03 3.15E-04 6.54E-05 1.26E-05 2.24E-06 3.71E-07 5.69E-08 8.10E-09 1.07E-09 1.31E-10 
   9.00  1.140  1.05E+04 7.50E+03 7.50E+03 2.60E+02 7.27E+02 1.05E+03 1.20E+03 1.16E+03 1.00E+03 7.78E+02 5.50E+02 3.56E+02 2.12E+02 1.17E+02 5.92E+01 2.78E+01 1.21E+01 4.88E+00 1.83E+00 6.36E-01 2.05E-01 6.17E-02 1.72E-02 4.47E-03 1.08E-03 2.43E-04 5.07E-05 9.88E-06 1.79E-06 3.02E-07 4.74E-08 6.94E-09 9.46E-10 
   9.50  1.140  1.63E+04 1.16E+04 1.16E+04 3.84E+02 1.08E+03 1.57E+03 1.80E+03 1.78E+03 1.56E+03 1.23E+03 8.92E+02 5.93E+02 3.64E+02 2.07E+02 1.09E+02 5.32E+01 2.41E+01 1.02E+01 4.02E+00 1.47E+00 5.03E-01 1.60E-01 4.77E-02 1.32E-02 3.42E-03 8.27E-04 1.87E-04 3.93E-05 7.74E-06 1.42E-06 2.44E-07 3.92E-08 5.88E-09 
  10.00  1.140  2.53E+04 1.80E+04 1.80E+04 5.69E+02 1.60E+03 2.35E+03 2.72E+03 2.71E+03 2.41E+03 1.94E+03 1.44E+03 9.79E+02 6.17E+02 3.61E+02 1.96E+02 9.95E+01 4.70E+01 2.07E+01 8.53E+00 3.28E+00 1.18E+00 3.97E-01 1.25E-01 3.68E-02 1.01E-02 2.62E-03 6.34E-04 1.43E-04 3.04E-05 6.05E-06 1.13E-06 1.97E-07 3.22E-08 
  11.00  1.140  6.87E+04 4.34E+04 4.34E+04 1.26E+03 3.55E+03 5.27E+03 6.19E+03 6.31E+03 5.76E+03 4.79E+03 3.68E+03 2.61E+03 1.73E+03 1.06E+03 6.14E+02 3.31E+02 1.68E+02 7.95E+01 3.54E+01 1.48E+01 5.83E+00 2.16E+00 7.50E-01 2.45E-01 7.56E-02 2.19E-02 5.98E-03 1.54E-03 3.72E-04 8.47E-05 1.82E-05 3.68E-06 7.01E-07 
  12.00  1.140  1.73E+05 1.04E+05 1.04E+05 2.79E+03 7.93E+03 1.19E+04 1.41E+04 1.46E+04 1.37E+04 1.17E+04 9.25E+03 6.81E+03 4.69E+03 3.02E+03 1.83E+03 1.04E+03 5.58E+02 2.82E+02 1.34E+02 6.04E+01 2.56E+01 1.03E+01 3.89E+00 1.39E+00 4.70E-01 1.50E-01 4.54E-02 1.30E-02 3.52E-03 9.00E-04 2.18E-04 4.99E-05 1.08E-05 
  13.00  1.140  4.23E+05 2.50E+05 2.50E+05 6.23E+03 1.78E+04 2.68E+04 3.23E+04 3.40E+04 3.23E+04 2.83E+04 2.30E+04 1.75E+04 1.24E+04 8.33E+03 5.26E+03 3.13E+03 1.77E+03 9.41E+02 4.75E+02 2.27E+02 1.03E+02 4.41E+01 1.79E+01 6.93E+00 2.54E+00 8.84E-01 2.92E-01 9.15E-02 2.72E-02 7.70E-03 2.07E-03 5.27E-04 1.28E-04 
  14.00  1.140  1.03E+06 6.02E+05 6.02E+05 1.40E+04 4.00E+04 6.08E+04 7.40E+04 7.89E+04 7.63E+04 6.81E+04 5.67E+04 4.42E+04 3.24E+04 2.24E+04 1.47E+04 9.12E+03 5.36E+03 2.99E+03 1.59E+03 8.00E+02 3.83E+02 1.75E+02 7.57E+01 3.12E+01 1.23E+01 4.59E+00 1.64E+00 5.56E-01 1.80E-01 5.54E-02 1.63E-02 4.55E-03 1.22E-03 
  15.00  1.140  2.47E+06 1.45E+06 1.45E+06 3.16E+04 9.06E+04 1.38E+05 1.70E+05 1.83E+05 1.80E+05 1.63E+05 1.39E+05 1.11E+05 8.34E+04 5.95E+04 4.02E+04 2.58E+04 1.58E+04 9.17E+03 5.08E+03 2.68E+03 1.35E+03 6.48E+02 2.97E+02 1.30E+02 5.42E+01 2.16E+01 8.24E+00 3.00E+00 1.04E+00 3.47E-01 1.10E-01 3.35E-02 9.71E-03 
  16.00  1.140  5.95E+06 3.48E+06 3.48E+06 7.15E+04 2.06E+05 3.16E+05 3.91E+05 4.26E+05 4.23E+05 3.91E+05 3.38E+05 2.75E+05 2.12E+05 1.55E+05 1.08E+05 7.14E+04 4.51E+04 2.72E+04 1.56E+04 8.61E+03 4.52E+03 2.28E+03 1.09E+03 5.04E+02 2.22E+02 9.38E+01 3.79E+01 1.47E+01 5.44E+00 1.93E+00 6.58E-01 2.15E-01 6.71E-02 
  17.00  1.140  1.43E+07 8.37E+06 8.37E+06 1.62E+05 4.69E+05 7.22E+05 9.00E+05 9.90E+05 9.95E+05 9.31E+05 8.18E+05 6.78E+05 5.34E+05 3.99E+05 2.85E+05 1.94E+05 1.26E+05 7.85E+04 4.67E+04 2.67E+04 1.46E+04 7.64E+03 3.84E+03 1.85E+03 8.55E+02 3.79E+02 1.62E+02 6.61E+01 2.59E+01 9.78E+00 3.54E+00 1.23E+00 4.12E-01 
  18.00  1.140  3.44E+07 2.01E+07 2.01E+07 3.70E+05 1.07E+06 1.66E+06 2.07E+06 2.30E+06 2.34E+06 2.21E+06 1.97E+06 1.66E+06 1.33E+06 1.02E+06 7.42E+05 5.18E+05 3.46E+05 2.22E+05 1.36E+05 8.02E+04 4.54E+04 2.47E+04 1.29E+04 6.47E+03 3.12E+03 1.45E+03 6.47E+02 2.78E+02 1.15E+02 4.56E+01 1.75E+01 6.43E+00 2.28E+00 
  19.00  1.140  8.28E+07 4.83E+07 4.83E+07 8.45E+05 2.45E+06 3.80E+06 4.79E+06 5.35E+06 5.49E+06 5.25E+06 4.74E+06 4.06E+06 3.31E+06 2.57E+06 1.91E+06 1.37E+06 9.34E+05 6.14E+05 3.87E+05 2.35E+05 1.37E+05 7.71E+04 4.17E+04 2.17E+04 1.09E+04 5.27E+03 2.45E+03 1.10E+03 4.77E+02 1.99E+02 7.99E+01 3.10E+01 1.16E+01 
  20.00  1.140  1.99E+08 1.16E+08 1.16E+08 1.94E+06 5.62E+06 8.76E+06 1.11E+07 1.25E+07 1.29E+07 1.25E+07 1.14E+07 9.87E+06 8.17E+06 6.46E+06 4.90E+06 3.56E+06 2.49E+06 1.68E+06 1.08E+06 6.76E+05 4.06E+05 2.35E+05 1.31E+05 7.07E+04 3.67E+04 1.84E+04 8.91E+03 4.16E+03 1.88E+03 8.18E+02 3.44E+02 1.40E+02 5.48E+01 
  22.50  1.140  2.80E+09 1.04E+09 1.04E+09 1.55E+07 4.52E+07 7.10E+07 9.08E+07 1.04E+08 1.09E+08 1.08E+08 1.01E+08 8.99E+07 7.68E+07 6.30E+07 4.96E+07 3.77E+07 2.76E+07 1.95E+07 1.33E+07 8.78E+06 5.60E+06 3.46E+06 2.06E+06 1.19E+06 6.68E+05 3.62E+05 1.90E+05 9.67E+04 4.76E+04 2.28E+04 1.05E+04 4.72E+03 2.05E+03 
  25.00  1.140  2.61E+10 9.34E+09 9.34E+09 1.26E+08 3.67E+08 5.80E+08 7.49E+08 8.64E+08 9.22E+08 9.27E+08 8.85E+08 8.08E+08 7.08E+08 5.97E+08 4.86E+08 3.82E+08 2.90E+08 2.13E+08 1.52E+08 1.05E+08 7.03E+07 4.57E+07 2.88E+07 1.76E+07 1.05E+07 6.05E+06 3.40E+06 1.85E+06 9.80E+05 5.04E+05 2.52E+05 1.23E+05 5.79E+04 
  30.00  1.140  3.77E+12 7.50E+11 7.50E+11 8.48E+09 2.49E+10 3.96E+10 5.18E+10 6.08E+10 6.64E+10 6.85E+10 6.74E+10 6.37E+10 5.80E+10 5.11E+10 4.36E+10 3.61E+10 2.90E+10 2.27E+10 1.73E+10 1.28E+10 9.22E+09 6.48E+09 4.44E+09 2.96E+09 1.93E+09 1.23E+09 7.60E+08 4.60E+08 2.71E+08 1.56E+08 8.79E+07 4.83E+07 2.59E+07 
  40.00  1.140  4.83E+16 4.83E+15 4.83E+15 4.14E+13 1.22E+14 1.97E+14 2.61E+14 3.14E+14 3.52E+14 3.75E+14 3.84E+14 3.79E+14 3.63E+14 3.38E+14 3.07E+14 2.71E+14 2.34E+14 1.98E+14 1.64E+14 1.32E+14 1.05E+14 8.13E+13 6.19E+13 4.62E+13 3.38E+13 2.42E+13 1.70E+13 1.18E+13 7.97E+12 5.30E+12 3.46E+12 2.22E+12 1.40E+12 
  50.00  1.140  3.12E+20 3.12E+19 3.12E+19 2.15E+17 6.36E+17 1.03E+18 1.39E+18 1.69E+18 1.92E+18 2.09E+18 2.19E+18 2.22E+18 2.19E+18 2.11E+18 1.99E+18 1.83E+18 1.65E+18 1.46E+18 1.27E+18 1.09E+18 9.10E+17 7.51E+17 6.09E+17 4.85E+17 3.81E+17 2.94E+17 2.24E+17 1.67E+17 1.23E+17 8.96E+16 6.40E+16 4.51E+16 3.13E+16 
  60.00  1.140  2.01E+24 2.01E+23 2.01E+23 1.16E+21 3.44E+21 5.61E+21 7.58E+21 9.31E+21 1.07E+22 1.18E+22 1.26E+22 1.30E+22 1.31E+22 1.29E+22 1.25E+22 1.18E+22 1.10E+22 1.00E+22 9.00E+21 7.97E+21 6.94E+21 5.96E+21 5.05E+21 4.21E+21 3.47E+21 2.81E+21 2.25E+21 1.78E+21 1.39E+21 1.07E+21 8.12E+20 6.09E+20 4.51E+20 
  70.00  1.140  1.30E+28 1.30E+27 1.30E+27 6.44E+24 1.91E+25 3.12E+25 4.25E+25 5.25E+25 6.10E+25 6.79E+25 7.31E+25 7.66E+25 7.83E+25 7.83E+25 7.69E+25 7.42E+25 7.05E+25 6.59E+25 6.07E+25 5.51E+25 4.94E+25 4.37E+25 3.81E+25 3.29E+25 2.80E+25 2.35E+25 1.96E+25 1.61E+25 1.31E+25 1.05E+25 8.32E+24 6.53E+24 5.07E+24 
