   0.25  3.597  1.15E-01 4.62E-01 4.62E-01 1.06E-01 1.95E-01 1.22E-01 3.95E-02 7.17E-03 7.59E-04 4.76E-05 1.79E-06 4.05E-08 5.53E-10 4.59E-12 2.31E-14 7.08E-17 1.32E-19 0.00E+00 0.00E+00 0.00E+00 0.00E+00 0.00E+00 0.00E+00 0.00E+00 0.00E+00 0.00E+00 0.00E+00 0.00E+00 0.00E+00 0.00E+00 0.00E+00 0.00E+00 0.00E+00 
   0.50  0.000  1.88E-01 2.88E-01 2.88E-01 6.64E-02 1.22E-01 7.65E-02 2.47E-02 4.48E-03 4.74E-04 2.98E-05 1.12E-06 2.53E-08 3.46E-10 2.87E-12 1.44E-14 4.42E-17 8.26E-20 0.00E+00 0.00E+00 0.00E+00 0.00E+00 0.00E+00 0.00E+00 0.00E+00 0.00E+00 0.00E+00 0.00E+00 0.00E+00 0.00E+00 0.00E+00 0.00E+00 0.00E+00 0.00E+00 
   0.75  0.671  2.89E-01 4.06E-01 4.06E-01 9.33E-02 1.72E-01 1.08E-01 3.47E-02 6.30E-03 6.67E-04 4.19E-05 1.57E-06 3.56E-08 4.86E-10 4.03E-12 2.03E-14 6.22E-17 1.16E-19 0.00E+00 0.00E+00 0.00E+00 0.00E+00 0.00E+00 0.00E+00 0.00E+00 0.00E+00 0.00E+00 0.00E+00 0.00E+00 0.00E+00 0.00E+00 0.00E+00 0.00E+00 0.00E+00 
   1.00  0.616  9.24E-01 2.54E+00 2.54E+00 5.84E-01 1.07E+00 6.73E-01 2.17E-01 3.95E-02 4.18E-03 2.62E-04 9.84E-06 2.23E-07 3.04E-09 2.52E-11 1.27E-13 3.90E-16 7.27E-19 0.00E+00 0.00E+00 0.00E+00 0.00E+00 0.00E+00 0.00E+00 0.00E+00 0.00E+00 0.00E+00 0.00E+00 0.00E+00 0.00E+00 0.00E+00 0.00E+00 0.00E+00 0.00E+00 
   1.25  0.164  2.60E+00 6.71E+00 6.71E+00 1.05E+00 2.27E+00 1.97E+00 1.04E+00 3.64E-01 8.73E-02 1.46E-02 1.73E-03 1.45E-04 8.63E-06 3.68E-07 1.12E-08 2.45E-10 3.84E-12 4.32E-14 3.49E-16 2.03E-18 0.00E+00 0.00E+00 0.00E+00 0.00E+00 0.00E+00 0.00E+00 0.00E+00 0.00E+00 0.00E+00 0.00E+00 0.00E+00 0.00E+00 0.00E+00 
   1.50  0.277  3.31E+00 2.82E+00 2.82E+00 3.02E-01 7.28E-01 7.80E-01 5.63E-01 3.00E-01 1.22E-01 3.82E-02 9.41E-03 1.83E-03 2.80E-04 3.41E-05 3.29E-06 2.54E-07 1.56E-08 7.61E-10 2.97E-11 9.26E-13 2.31E-14 4.60E-16 7.32E-18 9.33E-20 0.00E+00 0.00E+00 0.00E+00 0.00E+00 0.00E+00 0.00E+00 0.00E+00 0.00E+00 0.00E+00 
   1.75  0.829  4.35E+00 4.16E+00 4.16E+00 3.67E-01 9.20E-01 1.07E+00 8.70E-01 5.43E-01 2.69E-01 1.08E-01 3.51E-02 9.38E-03 2.06E-03 3.75E-04 5.63E-05 7.01E-06 7.24E-07 6.20E-08 4.42E-09 2.62E-10 1.29E-11 5.28E-13 1.80E-14 5.11E-16 1.21E-17 2.38E-19 0.00E+00 0.00E+00 0.00E+00 0.00E+00 0.00E+00 0.00E+00 0.00E+00 
   2.00  0.526  5.87E+00 6.11E+00 6.11E+00 4.71E-01 1.21E+00 1.47E+00 1.28E+00 8.80E-01 4.90E-01 2.25E-01 8.64E-02 2.78E-02 7.55E-03 1.73E-03 3.36E-04 5.53E-05 7.72E-06 9.17E-07 9.26E-08 7.95E-09 5.82E-10 3.62E-11 1.92E-12 8.69E-14 3.35E-15 1.10E-16 3.09E-18 7.38E-20 0.00E+00 0.00E+00 0.00E+00 0.00E+00 0.00E+00 
   2.25  0.591  6.89E+00 4.06E+00 4.06E+00 2.82E-01 7.35E-01 9.22E-01 8.45E-01 6.17E-01 3.71E-01 1.88E-01 8.05E-02 2.94E-02 9.19E-03 2.47E-03 5.70E-04 1.13E-04 1.95E-05 2.88E-06 3.69E-07 4.08E-08 3.90E-09 3.23E-10 2.31E-11 1.43E-12 7.71E-14 3.59E-15 1.44E-16 5.05E-18 1.53E-19 0.00E+00 0.00E+00 0.00E+00 0.00E+00 
   2.50  0.207  1.01E+01 1.28E+01 1.28E+01 8.16E-01 2.15E+00 2.76E+00 2.62E+00 2.00E+00 1.28E+00 6.94E-01 3.23E-01 1.29E-01 4.50E-02 1.36E-02 3.56E-03 8.15E-04 1.63E-04 2.84E-05 4.32E-06 5.77E-07 6.73E-08 6.87E-09 6.14E-10 4.81E-11 3.30E-12 1.98E-13 1.05E-14 4.83E-16 1.96E-17 6.95E-19 0.00E+00 0.00E+00 0.00E+00 
   2.75  3.560  1.36E+01 1.39E+01 1.39E+01 8.28E-01 2.20E+00 2.88E+00 2.81E+00 2.23E+00 1.49E+00 8.52E-01 4.22E-01 1.82E-01 6.86E-02 2.27E-02 6.58E-03 1.68E-03 3.77E-04 7.47E-05 1.31E-05 2.01E-06 2.74E-07 3.30E-08 3.50E-09 3.29E-10 2.73E-11 2.01E-12 1.30E-13 7.49E-15 3.81E-16 1.71E-17 6.83E-19 0.00E+00 0.00E+00 
   3.00  3.194  1.95E+01 2.36E+01 2.36E+01 1.32E+00 3.53E+00 4.69E+00 4.67E+00 3.82E+00 2.65E+00 1.58E+00 8.26E-01 3.78E-01 1.52E-01 5.41E-02 1.70E-02 4.74E-03 1.17E-03 2.57E-04 5.02E-05 8.71E-06 1.34E-06 1.84E-07 2.25E-08 2.45E-09 2.38E-10 2.05E-11 1.58E-12 1.08E-13 6.61E-15 3.60E-16 1.75E-17 7.57E-19 0.00E+00 
   3.25  0.656  2.63E+01 2.74E+01 2.74E+01 1.45E+00 3.91E+00 5.26E+00 5.34E+00 4.47E+00 3.20E+00 1.98E+00 1.08E+00 5.19E-01 2.21E-01 8.34E-02 2.81E-02 8.42E-03 2.25E-03 5.39E-04 1.15E-04 2.20E-05 3.77E-06 5.78E-07 7.93E-08 9.75E-09 1.07E-09 1.06E-10 9.39E-12 7.46E-13 5.31E-14 3.39E-15 1.94E-16 9.97E-18 4.60E-19 
   3.50  2.943  3.70E+01 4.29E+01 4.29E+01 2.16E+00 5.86E+00 7.96E+00 8.21E+00 7.01E+00 5.14E+00 3.29E+00 1.86E+00 9.31E-01 4.15E-01 1.65E-01 5.89E-02 1.88E-02 5.38E-03 1.38E-03 3.20E-04 6.65E-05 1.24E-05 2.09E-06 3.17E-07 4.32E-08 5.30E-09 5.87E-10 5.86E-11 5.27E-12 4.27E-13 3.12E-14 2.05E-15 1.22E-16 6.54E-18 
   3.75  0.602  5.64E+01 7.73E+01 7.73E+01 3.73E+00 1.01E+01 1.39E+01 1.45E+01 1.26E+01 9.48E+00 6.24E+00 3.63E+00 1.89E+00 8.75E-01 3.64E-01 1.36E-01 4.59E-02 1.39E-02 3.82E-03 9.44E-04 2.11E-04 4.25E-05 7.75E-06 1.28E-06 1.91E-07 2.57E-08 3.14E-09 3.48E-10 3.48E-11 3.15E-12 2.59E-13 1.93E-14 1.30E-15 7.91E-17 
   4.00  0.597  8.15E+01 1.01E+02 1.01E+02 4.65E+00 1.27E+01 1.76E+01 1.86E+01 1.64E+01 1.26E+01 8.46E+00 5.06E+00 2.71E+00 1.30E+00 5.65E-01 2.21E-01 7.79E-02 2.49E-02 7.20E-03 1.89E-03 4.48E-04 9.67E-05 1.89E-05 3.36E-06 5.42E-07 7.95E-08 1.06E-08 1.28E-09 1.41E-10 1.41E-11 1.28E-12 1.06E-13 7.96E-15 5.44E-16 
   4.25  1.214  1.11E+02 1.19E+02 1.19E+02 5.30E+00 1.45E+01 2.02E+01 2.16E+01 1.93E+01 1.50E+01 1.03E+01 6.35E+00 3.50E+00 1.73E+00 7.77E-01 3.16E-01 1.16E-01 3.88E-02 1.18E-02 3.25E-03 8.18E-04 1.87E-04 3.90E-05 7.39E-06 1.28E-06 2.02E-07 2.90E-08 3.80E-09 4.54E-10 4.95E-11 4.93E-12 4.47E-13 3.70E-14 2.80E-15 
   4.50  1.454  1.48E+02 1.47E+02 1.47E+02 6.32E+00 1.74E+01 2.43E+01 2.62E+01 2.38E+01 1.88E+01 1.32E+01 8.26E+00 4.66E+00 2.38E+00 1.10E+00 4.62E-01 1.77E-01 6.14E-02 1.95E-02 5.63E-03 1.49E-03 3.59E-04 7.90E-05 1.59E-05 2.93E-06 4.92E-07 7.58E-08 1.07E-08 1.37E-09 1.62E-10 1.75E-11 1.72E-12 1.56E-13 1.29E-14 
   4.75  1.355  1.93E+02 1.82E+02 1.82E+02 7.60E+00 2.09E+01 2.95E+01 3.21E+01 2.94E+01 2.36E+01 1.68E+01 1.07E+01 6.20E+00 3.24E+00 1.54E+00 6.68E-01 2.64E-01 9.52E-02 3.14E-02 9.47E-03 2.61E-03 6.61E-04 1.53E-04 3.25E-05 6.33E-06 1.13E-06 1.85E-07 2.77E-08 3.82E-09 4.82E-10 5.59E-11 5.95E-12 5.82E-13 5.22E-14 
   5.00  1.218  2.49E+02 2.21E+02 2.21E+02 8.95E+00 2.47E+01 3.50E+01 3.83E+01 3.55E+01 2.88E+01 2.09E+01 1.36E+01 8.00E+00 4.28E+00 2.09E+00 9.30E-01 3.79E-01 1.41E-01 4.82E-02 1.51E-02 4.35E-03 1.15E-03 2.78E-04 6.20E-05 1.27E-05 2.39E-06 4.13E-07 6.57E-08 9.62E-09 1.29E-09 1.60E-10 1.83E-11 1.92E-12 1.85E-13 
   5.50  1.993  4.50E+02 4.03E+02 4.03E+02 1.54E+01 4.28E+01 6.12E+01 6.79E+01 6.40E+01 5.32E+01 3.95E+01 2.65E+01 1.62E+01 9.01E+00 4.60E+00 2.15E+00 9.23E-01 3.65E-01 1.33E-01 4.44E-02 1.37E-02 3.90E-03 1.02E-03 2.48E-04 5.55E-05 1.15E-05 2.19E-06 3.86E-07 6.28E-08 9.44E-09 1.31E-09 1.69E-10 2.00E-11 2.20E-12 
   6.00  1.294  7.41E+02 5.82E+02 5.82E+02 2.12E+01 5.91E+01 8.50E+01 9.54E+01 9.14E+01 7.73E+01 5.88E+01 4.05E+01 2.55E+01 1.47E+01 7.77E+00 3.79E+00 1.70E+00 7.06E-01 2.71E-01 9.59E-02 3.15E-02 9.54E-03 2.68E-03 6.98E-04 1.68E-04 3.77E-05 7.80E-06 1.50E-06 2.67E-07 4.42E-08 6.77E-09 9.63E-10 1.27E-10 1.56E-11 
   6.50  1.233  1.20E+03 9.17E+02 9.17E+02 3.20E+01 8.94E+01 1.29E+02 1.47E+02 1.42E+02 1.22E+02 9.49E+01 6.69E+01 4.32E+01 2.56E+01 1.40E+01 7.08E+00 3.31E+00 1.43E+00 5.74E-01 2.14E-01 7.38E-02 2.37E-02 7.06E-03 1.95E-03 5.03E-04 1.20E-04 2.68E-05 5.55E-06 1.07E-06 1.92E-07 3.20E-08 4.97E-09 7.19E-10 9.67E-11 
   7.00  2.045  1.85E+03 1.31E+03 1.31E+03 4.38E+01 1.23E+02 1.79E+02 2.04E+02 2.00E+02 1.75E+02 1.38E+02 9.92E+01 6.55E+01 3.99E+01 2.24E+01 1.17E+01 5.66E+00 2.54E+00 1.06E+00 4.12E-01 1.49E-01 5.01E-02 1.57E-02 4.60E-03 1.25E-03 3.18E-04 7.55E-05 1.67E-05 3.44E-06 6.63E-07 1.19E-07 2.00E-08 3.13E-09 4.57E-10 
   7.50  0.943  2.93E+03 2.15E+03 2.15E+03 6.91E+01 1.94E+02 2.85E+02 3.28E+02 3.25E+02 2.87E+02 2.30E+02 1.68E+02 1.13E+02 7.06E+01 4.07E+01 2.18E+01 1.09E+01 5.05E+00 2.18E+00 8.81E-01 3.32E-01 1.17E-01 3.83E-02 1.17E-02 3.36E-03 9.01E-04 2.26E-04 5.29E-05 1.16E-05 2.38E-06 4.57E-07 8.20E-08 1.38E-08 2.17E-09 
   8.00  1.093  4.61E+03 3.37E+03 3.37E+03 1.05E+02 2.96E+02 4.34E+02 5.04E+02 5.04E+02 4.50E+02 3.65E+02 2.72E+02 1.86E+02 1.18E+02 6.99E+01 3.84E+01 1.97E+01 9.40E+00 4.20E+00 1.75E+00 6.83E-01 2.50E-01 8.53E-02 2.73E-02 8.19E-03 2.30E-03 6.06E-04 1.50E-04 3.46E-05 7.51E-06 1.53E-06 2.92E-07 5.22E-08 8.76E-09 
   8.50  1.125  7.23E+03 5.23E+03 5.23E+03 1.58E+02 4.45E+02 6.57E+02 7.67E+02 7.73E+02 6.98E+02 5.73E+02 4.32E+02 3.01E+02 1.95E+02 1.18E+02 6.60E+01 3.46E+01 1.70E+01 7.81E+00 3.36E+00 1.35E+00 5.12E-01 1.81E-01 6.04E-02 1.89E-02 5.53E-03 1.52E-03 3.94E-04 9.56E-05 2.18E-05 4.68E-06 9.44E-07 1.79E-07 3.18E-08 
   9.00  1.149  1.12E+04 8.04E+03 8.04E+03 2.35E+02 6.64E+02 9.84E+02 1.15E+03 1.17E+03 1.07E+03 8.87E+02 6.78E+02 4.80E+02 3.16E+02 1.94E+02 1.11E+02 5.96E+01 2.99E+01 1.41E+01 6.24E+00 2.59E+00 1.01E+00 3.70E-01 1.28E-01 4.13E-02 1.26E-02 3.61E-03 9.74E-04 2.47E-04 5.91E-05 1.33E-05 2.82E-06 5.62E-07 1.06E-07 
   9.50  1.179  1.74E+04 1.22E+04 1.22E+04 3.46E+02 9.82E+02 1.46E+03 1.72E+03 1.76E+03 1.62E+03 1.36E+03 1.05E+03 7.52E+02 5.03E+02 3.14E+02 1.83E+02 1.00E+02 5.15E+01 2.48E+01 1.13E+01 4.80E+00 1.93E+00 7.28E-01 2.59E-01 8.68E-02 2.74E-02 8.16E-03 2.29E-03 6.05E-04 1.51E-04 3.54E-05 7.85E-06 1.64E-06 3.24E-07 
  10.00  1.209  2.65E+04 1.84E+04 1.84E+04 5.07E+02 1.44E+03 2.15E+03 2.54E+03 2.62E+03 2.42E+03 2.05E+03 1.60E+03 1.16E+03 7.89E+02 5.00E+02 2.97E+02 1.66E+02 8.67E+01 4.28E+01 1.98E+01 8.67E+00 3.57E+00 1.39E+00 5.08E-01 1.76E-01 5.73E-02 1.76E-02 5.12E-03 1.41E-03 3.64E-04 8.91E-05 2.06E-05 4.50E-06 9.27E-07 
  11.00  1.238  6.70E+04 4.05E+04 4.05E+04 1.06E+03 3.02E+03 4.54E+03 5.42E+03 5.64E+03 5.29E+03 4.55E+03 3.63E+03 2.69E+03 1.87E+03 1.22E+03 7.45E+02 4.29E+02 2.33E+02 1.19E+02 5.78E+01 2.64E+01 1.14E+01 4.64E+00 1.79E+00 6.54E-01 2.26E-01 7.39E-02 2.29E-02 6.70E-03 1.86E-03 4.88E-04 1.21E-04 2.86E-05 6.39E-06 
  12.00  1.293  1.53E+05 8.63E+04 8.63E+04 2.17E+03 6.18E+03 9.31E+03 1.12E+04 1.18E+04 1.12E+04 9.75E+03 7.90E+03 5.98E+03 4.24E+03 2.83E+03 1.78E+03 1.05E+03 5.90E+02 3.12E+02 1.56E+02 7.42E+01 3.33E+01 1.42E+01 5.73E+00 2.19E+00 7.95E-01 2.74E-01 8.95E-02 2.78E-02 8.17E-03 2.28E-03 6.05E-04 1.52E-04 3.64E-05 
  13.00  1.346  3.32E+05 1.79E+05 1.79E+05 4.31E+03 1.23E+04 1.86E+04 2.26E+04 2.39E+04 2.29E+04 2.03E+04 1.67E+04 1.28E+04 9.26E+03 6.30E+03 4.05E+03 2.46E+03 1.42E+03 7.72E+02 3.99E+02 1.96E+02 9.10E+01 4.02E+01 1.69E+01 6.73E+00 2.55E+00 9.20E-01 3.15E-01 1.03E-01 3.18E-02 9.38E-03 2.63E-03 7.02E-04 1.78E-04 
  14.00  1.397  6.95E+05 3.62E+05 3.62E+05 8.40E+03 2.41E+04 3.65E+04 4.45E+04 4.74E+04 4.59E+04 4.10E+04 3.42E+04 2.67E+04 1.96E+04 1.36E+04 8.90E+03 5.53E+03 3.26E+03 1.82E+03 9.68E+02 4.89E+02 2.35E+02 1.07E+02 4.66E+01 1.93E+01 7.59E+00 2.85E+00 1.02E+00 3.46E-01 1.12E-01 3.47E-02 1.02E-02 2.88E-03 7.70E-04 
  15.00  1.440  1.41E+06 7.18E+05 7.18E+05 1.61E+04 4.60E+04 7.01E+04 8.58E+04 9.21E+04 8.99E+04 8.11E+04 6.83E+04 5.40E+04 4.03E+04 2.84E+04 1.90E+04 1.20E+04 7.22E+03 4.13E+03 2.25E+03 1.17E+03 5.75E+02 2.71E+02 1.21E+02 5.19E+01 2.11E+01 8.22E+00 3.05E+00 1.08E+00 3.65E-01 1.18E-01 3.63E-02 1.07E-02 3.00E-03 
  16.00  1.487  2.80E+06 1.39E+06 1.39E+06 3.01E+04 8.65E+04 1.32E+05 1.62E+05 1.75E+05 1.72E+05 1.57E+05 1.34E+05 1.07E+05 8.07E+04 5.77E+04 3.92E+04 2.53E+04 1.55E+04 9.05E+03 5.04E+03 2.67E+03 1.35E+03 6.53E+02 3.01E+02 1.33E+02 5.57E+01 2.24E+01 8.59E+00 3.15E+00 1.11E+00 3.70E-01 1.19E-01 3.64E-02 1.07E-02 
  17.00  1.532  5.45E+06 2.65E+06 2.65E+06 5.56E+04 1.60E+05 2.45E+05 3.02E+05 3.28E+05 3.25E+05 2.98E+05 2.56E+05 2.07E+05 1.58E+05 1.15E+05 7.89E+04 5.17E+04 3.23E+04 1.92E+04 1.09E+04 5.91E+03 3.06E+03 1.51E+03 7.16E+02 3.24E+02 1.40E+02 5.79E+01 2.29E+01 8.68E+00 3.15E+00 1.09E+00 3.63E-01 1.15E-01 3.51E-02 
  18.00  1.576  1.04E+07 4.95E+06 4.95E+06 1.01E+05 2.91E+05 4.46E+05 5.53E+05 6.03E+05 6.01E+05 5.55E+05 4.81E+05 3.93E+05 3.03E+05 2.23E+05 1.55E+05 1.03E+05 6.55E+04 3.96E+04 2.29E+04 1.27E+04 6.70E+03 3.39E+03 1.64E+03 7.59E+02 3.37E+02 1.43E+02 5.82E+01 2.27E+01 8.49E+00 3.04E+00 1.04E+00 3.43E-01 1.08E-01 
  19.00  1.619  1.95E+07 9.12E+06 9.12E+06 1.81E+05 5.21E+05 8.02E+05 9.96E+05 1.09E+06 1.09E+06 1.02E+06 8.89E+05 7.32E+05 5.72E+05 4.24E+05 3.00E+05 2.02E+05 1.30E+05 7.98E+04 4.69E+04 2.64E+04 1.42E+04 7.34E+03 3.63E+03 1.72E+03 7.81E+02 3.40E+02 1.42E+02 5.69E+01 2.19E+01 8.06E+00 2.85E+00 9.68E-01 3.15E-01 
  20.00  1.655  3.61E+07 1.66E+07 1.66E+07 3.20E+05 9.23E+05 1.42E+06 1.77E+06 1.95E+06 1.97E+06 1.84E+06 1.62E+06 1.34E+06 1.06E+06 7.94E+05 5.67E+05 3.87E+05 2.52E+05 1.57E+05 9.40E+04 5.37E+04 2.95E+04 1.55E+04 7.80E+03 3.77E+03 1.75E+03 7.80E+02 3.34E+02 1.37E+02 5.40E+01 2.05E+01 7.44E+00 2.60E+00 8.73E-01 
  22.50  1.696  2.10E+08 6.94E+07 6.94E+07 1.26E+06 3.65E+06 5.66E+06 7.10E+06 7.89E+06 8.03E+06 7.62E+06 6.81E+06 5.76E+06 4.63E+06 3.55E+06 2.60E+06 1.82E+06 1.22E+06 7.87E+05 4.86E+05 2.88E+05 1.64E+05 8.99E+04 4.73E+04 2.39E+04 1.16E+04 5.45E+03 2.45E+03 1.06E+03 4.44E+02 1.78E+02 6.89E+01 2.56E+01 9.19E+00 
  25.00  1.793  8.86E+08 2.71E+08 2.71E+08 4.67E+06 1.35E+07 2.10E+07 2.66E+07 2.97E+07 3.05E+07 2.93E+07 2.65E+07 2.28E+07 1.86E+07 1.46E+07 1.09E+07 7.81E+06 5.38E+06 3.55E+06 2.26E+06 1.38E+06 8.12E+05 4.60E+05 2.51E+05 1.32E+05 6.68E+04 3.26E+04 1.53E+04 6.96E+03 3.04E+03 1.28E+03 5.22E+02 2.05E+02 7.77E+01 
  30.00  1.880  1.81E+10 3.45E+09 3.45E+09 5.43E+07 1.58E+08 2.47E+08 3.15E+08 3.56E+08 3.72E+08 3.64E+08 3.36E+08 2.96E+08 2.49E+08 2.00E+08 1.55E+08 1.15E+08 8.25E+07 5.69E+07 3.79E+07 2.43E+07 1.51E+07 9.01E+06 5.21E+06 2.91E+06 1.57E+06 8.19E+05 4.13E+05 2.02E+05 9.52E+04 4.35E+04 1.92E+04 8.21E+03 3.40E+03 
  40.00  2.046  3.30E+12 3.28E+11 3.28E+11 4.48E+09 1.31E+10 2.06E+10 2.66E+10 3.07E+10 3.27E+10 3.28E+10 3.12E+10 2.84E+10 2.48E+10 2.09E+10 1.69E+10 1.32E+10 1.00E+10 7.33E+09 5.20E+09 3.57E+09 2.38E+09 1.54E+09 9.63E+08 5.85E+08 3.45E+08 1.98E+08 1.10E+08 5.95E+07 3.13E+07 1.59E+07 7.90E+06 3.80E+06 1.78E+06 
  50.00  2.343  1.91E+14 1.88E+13 1.88E+13 2.29E+11 6.71E+11 1.07E+12 1.39E+12 1.62E+12 1.75E+12 1.78E+12 1.73E+12 1.61E+12 1.45E+12 1.25E+12 1.05E+12 8.49E+11 6.67E+11 5.09E+11 3.76E+11 2.71E+11 1.89E+11 1.29E+11 8.53E+10 5.50E+10 3.45E+10 2.10E+10 1.25E+10 7.25E+09 4.09E+09 2.25E+09 1.21E+09 6.29E+08 3.20E+08 
  60.00  2.602  7.64E+15 7.45E+14 7.45E+14 8.31E+12 2.44E+13 3.88E+13 5.08E+13 5.98E+13 6.53E+13 6.75E+13 6.66E+13 6.31E+13 5.77E+13 5.10E+13 4.37E+13 3.63E+13 2.93E+13 2.30E+13 1.76E+13 1.31E+13 9.50E+12 6.72E+12 4.63E+12 3.11E+12 2.04E+12 1.31E+12 8.15E+11 4.97E+11 2.96E+11 1.72E+11 9.75E+10 5.40E+10 2.93E+10 
  70.00  2.835  2.31E+17 2.23E+16 2.23E+16 2.30E+14 6.77E+14 1.08E+15 1.42E+15 1.69E+15 1.86E+15 1.94E+15 1.94E+15 1.86E+15 1.72E+15 1.55E+15 1.35E+15 1.15E+15 9.45E+14 7.60E+14 5.95E+14 4.55E+14 3.39E+14 2.47E+14 1.76E+14 1.22E+14 8.29E+13 5.50E+13 3.57E+13 2.26E+13 1.40E+13 8.52E+12 5.05E+12 2.93E+12 1.66E+12 
  80.00  3.049  5.57E+18 5.34E+17 5.34E+17 5.16E+15 1.52E+16 2.44E+16 3.22E+16 3.83E+16 4.25E+16 4.47E+16 4.50E+16 4.37E+16 4.10E+16 3.73E+16 3.31E+16 2.85E+16 2.39E+16 1.96E+16 1.56E+16 1.22E+16 9.32E+15 6.95E+15 5.07E+15 3.62E+15 2.53E+15 1.73E+15 1.15E+15 7.56E+14 4.85E+14 3.04E+14 1.87E+14 1.13E+14 6.66E+13 
  90.00  3.249  1.12E+20 1.06E+19 1.06E+19 9.70E+16 2.86E+17 4.59E+17 6.08E+17 7.27E+17 8.11E+17 8.59E+17 8.72E+17 8.54E+17 8.10E+17 7.45E+17 6.68E+17 5.83E+17 4.96E+17 4.13E+17 3.35E+17 2.67E+17 2.07E+17 1.58E+17 1.17E+17 8.57E+16 6.12E+16 4.29E+16 2.94E+16 1.98E+16 1.30E+16 8.42E+15 5.33E+15 3.31E+15 2.02E+15 
 100.00  3.436  1.88E+21 1.76E+20 1.76E+20 1.53E+18 4.50E+18 7.25E+18 9.63E+18 1.16E+19 1.29E+19 1.38E+19 1.41E+19 1.39E+19 1.33E+19 1.24E+19 1.12E+19 9.87E+18 8.51E+18 7.17E+18 5.91E+18 4.76E+18 3.76E+18 2.91E+18 2.21E+18 1.64E+18 1.20E+18 8.54E+17 5.99E+17 4.12E+17 2.78E+17 1.84E+17 1.19E+17 7.62E+16 4.77E+16 
 110.00  3.597  7.54E+21 5.66E+20 5.66E+20 4.66E+18 1.38E+19 2.22E+19 2.96E+19 3.56E+19 4.00E+19 4.29E+19 4.41E+19 4.38E+19 4.21E+19 3.95E+19 3.61E+19 3.22E+19 2.80E+19 2.39E+19 1.99E+19 1.63E+19 1.30E+19 1.02E+19 7.89E+18 5.96E+18 4.42E+18 3.22E+18 2.30E+18 1.61E+18 1.11E+18 7.50E+17 4.99E+17 3.25E+17 2.09E+17 
 120.00  3.597  1.71E+22 9.55E+20 9.55E+20 7.52E+18 2.22E+19 3.59E+19 4.79E+19 5.78E+19 6.53E+19 7.02E+19 7.25E+19 7.24E+19 7.03E+19 6.63E+19 6.11E+19 5.49E+19 4.83E+19 4.16E+19 3.51E+19 2.91E+19 2.36E+19 1.88E+19 1.47E+19 1.12E+19 8.47E+18 6.26E+18 4.55E+18 3.25E+18 2.28E+18 1.57E+18 1.07E+18 7.11E+17 4.66E+17 
 130.00  3.597  3.05E+22 1.34E+21 1.34E+21 1.01E+19 2.99E+19 4.84E+19 6.47E+19 7.84E+19 8.88E+19 9.59E+19 9.95E+19 1.00E+20 9.76E+19 9.27E+19 8.61E+19 7.80E+19 6.93E+19 6.03E+19 5.14E+19 4.30E+19 3.53E+19 2.84E+19 2.25E+19 1.75E+19 1.34E+19 1.00E+19 7.41E+18 5.38E+18 3.84E+18 2.70E+18 1.86E+18 1.26E+18 8.45E+17 
 140.00  3.597  4.79E+22 1.73E+21 1.73E+21 1.25E+19 3.70E+19 5.99E+19 8.03E+19 9.75E+19 1.11E+20 1.20E+20 1.25E+20 1.26E+20 1.24E+20 1.19E+20 1.11E+20 1.01E+20 9.07E+19 7.95E+19 6.85E+19 5.78E+19 4.80E+19 3.91E+19 3.13E+19 2.47E+19 1.91E+19 1.45E+19 1.09E+19 8.02E+18 5.82E+18 4.15E+18 2.92E+18 2.02E+18 1.37E+18 
 150.00  3.597  6.91E+22 2.12E+21 2.12E+21 1.47E+19 4.35E+19 7.06E+19 9.48E+19 1.15E+20 1.31E+20 1.43E+20 1.50E+20 1.52E+20 1.50E+20 1.44E+20 1.35E+20 1.25E+20 1.12E+20 9.94E+19 8.63E+19 7.35E+19 6.16E+19 5.07E+19 4.11E+19 3.27E+19 2.56E+19 1.98E+19 1.50E+19 1.12E+19 8.25E+18 5.98E+18 4.27E+18 3.00E+18 2.07E+18 
