   0.25  1.185  1.31E-01 5.22E-01 5.22E-01 1.84E-01 2.54E-01 9.00E-02 1.23E-02 7.18E-04 1.83E-05 2.08E-07 1.06E-09 2.46E-12 2.59E-15 1.25E-18 0.00E+00 0.00E+00 0.00E+00 0.00E+00 0.00E+00 0.00E+00 0.00E+00 0.00E+00 0.00E+00 0.00E+00 0.00E+00 0.00E+00 0.00E+00 0.00E+00 0.00E+00 0.00E+00 0.00E+00 0.00E+00 0.00E+00 
   0.50  0.000  2.11E-01 3.22E-01 3.22E-01 1.13E-01 1.57E-01 5.55E-02 7.62E-03 4.43E-04 1.13E-05 1.28E-07 6.56E-10 1.52E-12 1.60E-15 7.69E-19 0.00E+00 0.00E+00 0.00E+00 0.00E+00 0.00E+00 0.00E+00 0.00E+00 0.00E+00 0.00E+00 0.00E+00 0.00E+00 0.00E+00 0.00E+00 0.00E+00 0.00E+00 0.00E+00 0.00E+00 0.00E+00 0.00E+00 
   0.75  0.690  3.23E-01 4.49E-01 4.49E-01 1.58E-01 2.18E-01 7.73E-02 1.06E-02 6.17E-04 1.57E-05 1.79E-07 9.13E-10 2.12E-12 2.23E-15 1.07E-18 0.00E+00 0.00E+00 0.00E+00 0.00E+00 0.00E+00 0.00E+00 0.00E+00 0.00E+00 0.00E+00 0.00E+00 0.00E+00 0.00E+00 0.00E+00 0.00E+00 0.00E+00 0.00E+00 0.00E+00 0.00E+00 0.00E+00 
   1.00  0.638  1.02E+00 2.78E+00 2.78E+00 9.76E-01 1.35E+00 4.78E-01 6.57E-02 3.82E-03 9.73E-05 1.10E-06 5.65E-09 1.31E-11 1.38E-14 6.62E-18 0.00E+00 0.00E+00 0.00E+00 0.00E+00 0.00E+00 0.00E+00 0.00E+00 0.00E+00 0.00E+00 0.00E+00 0.00E+00 0.00E+00 0.00E+00 0.00E+00 0.00E+00 0.00E+00 0.00E+00 0.00E+00 0.00E+00 
   1.25  0.165  2.84E+00 7.27E+00 7.27E+00 2.56E+00 3.54E+00 1.25E+00 1.72E-01 1.00E-02 2.55E-04 2.89E-06 1.48E-08 3.43E-11 3.61E-14 1.73E-17 0.00E+00 0.00E+00 0.00E+00 0.00E+00 0.00E+00 0.00E+00 0.00E+00 0.00E+00 0.00E+00 0.00E+00 0.00E+00 0.00E+00 0.00E+00 0.00E+00 0.00E+00 0.00E+00 0.00E+00 0.00E+00 0.00E+00 
   1.50  0.280  3.59E+00 3.02E+00 3.02E+00 4.16E-01 9.39E-01 8.84E-01 5.26E-01 2.16E-01 6.33E-02 1.35E-02 2.11E-03 2.44E-04 2.08E-05 1.33E-06 6.29E-08 2.22E-09 5.87E-11 1.16E-12 1.71E-14 1.89E-16 1.56E-18 0.00E+00 0.00E+00 0.00E+00 0.00E+00 0.00E+00 0.00E+00 0.00E+00 0.00E+00 0.00E+00 0.00E+00 0.00E+00 0.00E+00 
   1.75  0.863  4.70E+00 4.42E+00 4.42E+00 4.33E-01 1.06E+00 1.18E+00 9.07E-01 5.22E-01 2.34E-01 8.27E-02 2.34E-02 5.30E-03 9.71E-04 1.44E-04 1.73E-05 1.68E-06 1.33E-07 8.60E-09 4.51E-10 1.93E-11 6.71E-13 1.90E-14 4.41E-16 8.33E-18 1.28E-19 0.00E+00 0.00E+00 0.00E+00 0.00E+00 0.00E+00 0.00E+00 0.00E+00 0.00E+00 
   2.00  0.538  6.30E+00 6.42E+00 6.42E+00 5.39E-01 1.36E+00 1.61E+00 1.35E+00 8.74E-01 4.53E-01 1.92E-01 6.66E-02 1.92E-02 4.58E-03 9.12E-04 1.52E-04 2.11E-05 2.45E-06 2.39E-07 1.96E-08 1.34E-09 7.73E-11 3.74E-12 1.52E-13 5.18E-15 1.49E-16 3.59E-18 7.28E-20 0.00E+00 0.00E+00 0.00E+00 0.00E+00 0.00E+00 0.00E+00 
   2.25  0.606  7.36E+00 4.22E+00 4.22E+00 3.19E-01 8.21E-01 1.00E+00 8.85E-01 6.14E-01 3.47E-01 1.62E-01 6.36E-02 2.10E-02 5.84E-03 1.38E-03 2.77E-04 4.72E-05 6.86E-06 8.49E-07 8.97E-08 8.08E-09 6.22E-10 4.09E-11 2.29E-12 1.10E-13 4.52E-15 1.59E-16 4.76E-18 1.22E-19 0.00E+00 0.00E+00 0.00E+00 0.00E+00 0.00E+00 
   2.50  0.209  1.06E+01 1.31E+01 1.31E+01 9.21E-01 2.40E+00 3.00E+00 2.74E+00 1.99E+00 1.19E+00 5.98E-01 2.54E-01 9.20E-02 2.85E-02 7.55E-03 1.72E-03 3.37E-04 5.70E-05 8.30E-06 1.04E-06 1.13E-07 1.06E-08 8.59E-10 6.01E-11 3.64E-12 1.91E-13 8.64E-15 3.39E-16 1.15E-17 3.38E-19 0.00E+00 0.00E+00 0.00E+00 0.00E+00 
   2.75  5.217  1.42E+01 1.42E+01 1.42E+01 9.34E-01 2.45E+00 3.12E+00 2.93E+00 2.20E+00 1.38E+00 7.27E-01 3.28E-01 1.27E-01 4.26E-02 1.23E-02 3.08E-03 6.71E-04 1.27E-04 2.08E-05 2.98E-06 3.72E-07 4.03E-08 3.82E-09 3.15E-10 2.27E-11 1.42E-12 7.80E-14 3.73E-15 1.56E-16 5.68E-18 1.81E-19 0.00E+00 0.00E+00 0.00E+00 
   3.00  4.807  2.01E+01 2.38E+01 2.38E+01 1.49E+00 3.93E+00 5.08E+00 4.85E+00 3.75E+00 2.43E+00 1.34E+00 6.32E-01 2.59E-01 9.20E-02 2.85E-02 7.69E-03 1.81E-03 3.75E-04 6.77E-05 1.07E-05 1.49E-06 1.82E-07 1.94E-08 1.82E-09 1.50E-10 1.09E-11 6.93E-13 3.87E-14 1.90E-15 8.22E-17 3.12E-18 0.00E+00 0.00E+00 0.00E+00 
   3.25  0.677  2.70E+01 2.74E+01 2.74E+01 1.64E+00 4.36E+00 5.69E+00 5.53E+00 4.37E+00 2.91E+00 1.65E+00 8.14E-01 3.49E-01 1.30E-01 4.26E-02 1.22E-02 3.08E-03 6.84E-04 1.34E-04 2.30E-05 3.49E-06 4.68E-07 5.53E-08 5.76E-09 5.31E-10 4.32E-11 3.10E-12 1.97E-13 1.11E-14 5.49E-16 2.41E-17 9.34E-19 0.00E+00 0.00E+00 
   3.50  3.852  3.76E+01 4.24E+01 4.24E+01 2.44E+00 6.52E+00 8.60E+00 8.47E+00 6.82E+00 4.64E+00 2.72E+00 1.38E+00 6.14E-01 2.39E-01 8.19E-02 2.48E-02 6.60E-03 1.56E-03 3.24E-04 5.99E-05 9.79E-06 1.42E-06 1.82E-07 2.08E-08 2.10E-09 1.88E-10 1.50E-11 1.06E-12 6.66E-14 3.71E-15 1.84E-16 8.07E-18 0.00E+00 0.00E+00 
   3.75  0.622  5.64E+01 7.55E+01 7.55E+01 4.21E+00 1.13E+01 1.50E+01 1.50E+01 1.22E+01 8.49E+00 5.09E+00 2.66E+00 1.22E+00 4.93E-01 1.76E-01 5.55E-02 1.55E-02 3.85E-03 8.50E-04 1.66E-04 2.90E-05 4.50E-06 6.21E-07 7.63E-08 8.36E-09 8.15E-10 7.09E-11 5.49E-12 3.79E-13 2.33E-14 1.28E-15 6.28E-17 2.74E-18 0.00E+00 
   4.00  0.615  8.07E+01 9.72E+01 9.72E+01 5.25E+00 1.41E+01 1.89E+01 1.91E+01 1.58E+01 1.12E+01 6.83E+00 3.66E+00 1.73E+00 7.19E-01 2.66E-01 8.71E-02 2.54E-02 6.60E-03 1.53E-03 3.15E-04 5.81E-05 9.55E-06 1.40E-06 1.84E-07 2.16E-08 2.27E-09 2.13E-10 1.79E-11 1.34E-12 9.00E-14 5.41E-15 2.91E-16 1.40E-17 0.00E+00 
   4.25  1.282  1.09E+02 1.14E+02 1.14E+02 5.97E+00 1.61E+01 2.17E+01 2.21E+01 1.85E+01 1.33E+01 8.28E+00 4.53E+00 2.19E+00 9.38E-01 3.57E-01 1.21E-01 3.66E-02 9.90E-03 2.39E-03 5.17E-04 1.00E-04 1.73E-05 2.69E-06 3.75E-07 4.68E-08 5.23E-09 5.25E-10 4.73E-11 3.82E-12 2.77E-13 1.80E-14 1.05E-15 5.52E-17 2.60E-18 
   4.50  1.548  1.44E+02 1.39E+02 1.39E+02 7.11E+00 1.92E+01 2.60E+01 2.67E+01 2.27E+01 1.65E+01 1.04E+01 5.83E+00 2.88E+00 1.26E+00 4.94E-01 1.73E-01 5.40E-02 1.51E-02 3.80E-03 8.55E-04 1.73E-04 3.14E-05 5.12E-06 7.50E-07 9.89E-08 1.17E-08 1.25E-09 1.20E-10 1.03E-11 8.02E-13 5.60E-14 3.52E-15 1.99E-16 1.02E-17 
   4.75  1.442  1.86E+02 1.71E+02 1.71E+02 8.53E+00 2.31E+01 3.15E+01 3.25E+01 2.79E+01 2.05E+01 1.32E+01 7.49E+00 3.77E+00 1.69E+00 6.79E-01 2.44E-01 7.86E-02 2.27E-02 5.90E-03 1.38E-03 2.90E-04 5.49E-05 9.36E-06 1.44E-06 1.99E-07 2.48E-08 2.79E-09 2.83E-10 2.59E-11 2.14E-12 1.59E-13 1.07E-14 6.50E-16 3.56E-17 
   5.00  1.292  2.38E+02 2.05E+02 2.05E+02 1.00E+01 2.73E+01 3.73E+01 3.87E+01 3.35E+01 2.49E+01 1.63E+01 9.37E+00 4.81E+00 2.20E+00 9.03E-01 3.32E-01 1.10E-01 3.27E-02 8.77E-03 2.12E-03 4.62E-04 9.08E-05 1.61E-05 2.58E-06 3.74E-07 4.89E-08 5.78E-09 6.17E-10 5.96E-11 5.20E-12 4.10E-13 2.93E-14 1.89E-15 1.10E-16 
   5.50  2.298  4.20E+02 3.66E+02 3.66E+02 1.72E+01 4.69E+01 6.46E+01 6.80E+01 5.97E+01 4.54E+01 3.03E+01 1.79E+01 9.49E+00 4.50E+00 1.92E+00 7.38E-01 2.56E-01 8.01E-02 2.27E-02 5.81E-03 1.35E-03 2.83E-04 5.40E-05 9.31E-06 1.46E-06 2.07E-07 2.67E-08 3.12E-09 3.31E-10 3.18E-11 2.78E-12 2.21E-13 1.59E-14 1.04E-15 
   6.00  1.382  6.79E+02 5.17E+02 5.17E+02 2.35E+01 6.43E+01 8.92E+01 9.48E+01 8.44E+01 6.51E+01 4.43E+01 2.69E+01 1.46E+01 7.14E+00 3.15E+00 1.26E+00 4.53E-01 1.48E-01 4.40E-02 1.18E-02 2.90E-03 6.45E-04 1.30E-04 2.40E-05 4.01E-06 6.11E-07 8.47E-08 1.07E-08 1.23E-09 1.29E-10 1.22E-11 1.06E-12 8.41E-14 6.06E-15 
   6.50  1.305  1.08E+03 7.99E+02 7.99E+02 3.52E+01 9.65E+01 1.35E+02 1.44E+02 1.30E+02 1.02E+02 7.05E+01 4.36E+01 2.43E+01 1.22E+01 5.53E+00 2.27E+00 8.50E-01 2.89E-01 8.92E-02 2.51E-02 6.43E-03 1.50E-03 3.20E-04 6.22E-05 1.10E-05 1.78E-06 2.64E-07 3.56E-08 4.38E-09 4.93E-10 5.06E-11 4.75E-12 4.08E-13 3.19E-14 
   7.00  2.383  1.64E+03 1.12E+03 1.12E+03 4.78E+01 1.32E+02 1.84E+02 1.99E+02 1.81E+02 1.44E+02 1.01E+02 6.37E+01 3.62E+01 1.86E+01 8.65E+00 3.66E+00 1.41E+00 4.95E-01 1.58E-01 4.63E-02 1.24E-02 3.02E-03 6.73E-04 1.37E-04 2.56E-05 4.37E-06 6.83E-07 9.76E-08 1.28E-08 1.53E-09 1.68E-10 1.69E-11 1.56E-12 1.32E-13 
   7.50  0.988  2.53E+03 1.78E+03 1.78E+03 7.41E+01 2.04E+02 2.88E+02 3.13E+02 2.87E+02 2.31E+02 1.64E+02 1.05E+02 6.08E+01 3.19E+01 1.52E+01 6.59E+00 2.61E+00 9.43E-01 3.12E-01 9.42E-02 2.61E-02 6.61E-03 1.54E-03 3.27E-04 6.39E-05 1.14E-05 1.88E-06 2.83E-07 3.91E-08 4.96E-09 5.78E-10 6.18E-11 6.06E-12 5.46E-13 
   8.00  1.185  3.88E+03 2.71E+03 2.71E+03 1.10E+02 3.05E+02 4.31E+02 4.71E+02 4.36E+02 3.54E+02 2.55E+02 1.66E+02 9.74E+01 5.20E+01 2.53E+01 1.12E+01 4.55E+00 1.69E+00 5.74E-01 1.79E-01 5.12E-02 1.34E-02 3.24E-03 7.16E-04 1.46E-04 2.72E-05 4.67E-06 7.38E-07 1.07E-07 1.43E-08 1.76E-09 1.98E-10 2.06E-11 1.97E-12 
   8.50  1.185  5.95E+03 4.14E+03 4.14E+03 1.64E+02 4.55E+02 6.46E+02 7.11E+02 6.63E+02 5.42E+02 3.96E+02 2.60E+02 1.55E+02 8.42E+01 4.17E+01 1.89E+01 7.83E+00 2.98E+00 1.04E+00 3.33E-01 9.80E-02 2.66E-02 6.61E-03 1.52E-03 3.20E-04 6.21E-05 1.11E-05 1.83E-06 2.78E-07 3.88E-08 5.00E-09 5.93E-10 6.49E-11 6.55E-12 
   9.00  1.185  9.11E+03 6.31E+03 6.31E+03 2.46E+02 6.81E+02 9.70E+02 1.07E+03 1.01E+03 8.31E+02 6.13E+02 4.08E+02 2.46E+02 1.36E+02 6.83E+01 3.15E+01 1.33E+01 5.18E+00 1.85E+00 6.08E-01 1.84E-01 5.13E-02 1.32E-02 3.12E-03 6.80E-04 1.37E-04 2.54E-05 4.35E-06 6.87E-07 1.00E-07 1.35E-08 1.67E-09 1.92E-10 2.03E-11 
   9.50  1.185  1.39E+04 9.63E+03 9.63E+03 3.67E+02 1.02E+03 1.46E+03 1.62E+03 1.53E+03 1.27E+03 9.47E+02 6.37E+02 3.89E+02 2.18E+02 1.11E+02 5.22E+01 2.25E+01 8.92E+00 3.26E+00 1.10E+00 3.40E-01 9.71E-02 2.56E-02 6.25E-03 1.41E-03 2.92E-04 5.61E-05 9.95E-06 1.63E-06 2.47E-07 3.46E-08 4.48E-09 5.37E-10 5.94E-11 
  10.00  1.185  2.13E+04 1.47E+04 1.47E+04 5.50E+02 1.53E+03 2.19E+03 2.45E+03 2.32E+03 1.95E+03 1.46E+03 9.92E+02 6.14E+02 3.47E+02 1.80E+02 8.58E+01 3.76E+01 1.52E+01 5.66E+00 1.94E+00 6.17E-01 1.81E-01 4.90E-02 1.23E-02 2.84E-03 6.08E-04 1.20E-04 2.21E-05 3.74E-06 5.88E-07 8.54E-08 1.15E-08 1.43E-09 1.65E-10 
  11.00  1.185  5.54E+04 3.41E+04 3.41E+04 1.24E+03 3.45E+03 4.97E+03 5.58E+03 5.36E+03 4.54E+03 3.46E+03 2.40E+03 1.51E+03 8.75E+02 4.66E+02 2.28E+02 1.03E+02 4.31E+01 1.66E+01 5.93E+00 1.96E+00 6.00E-01 1.70E-01 4.47E-02 1.09E-02 2.46E-03 5.15E-04 1.00E-04 1.81E-05 3.02E-06 4.69E-07 6.76E-08 9.04E-09 1.12E-09 
  12.00  1.185  1.35E+05 7.94E+04 7.94E+04 2.79E+03 7.79E+03 1.13E+04 1.28E+04 1.24E+04 1.06E+04 8.18E+03 5.75E+03 3.69E+03 2.18E+03 1.19E+03 5.96E+02 2.77E+02 1.19E+02 4.73E+01 1.75E+01 5.98E+00 1.90E+00 5.61E-01 1.54E-01 3.91E-02 9.26E-03 2.04E-03 4.17E-04 7.92E-05 1.40E-05 2.31E-06 3.53E-07 5.02E-08 6.65E-09 
  13.00  1.185  3.19E+05 1.84E+05 1.84E+05 6.30E+03 1.77E+04 2.56E+04 2.92E+04 2.85E+04 2.47E+04 1.93E+04 1.37E+04 8.96E+03 5.38E+03 2.99E+03 1.53E+03 7.28E+02 3.21E+02 1.31E+02 4.99E+01 1.76E+01 5.80E+00 1.77E+00 5.04E-01 1.34E-01 3.29E-02 7.56E-03 1.62E-03 3.23E-04 5.99E-05 1.04E-05 1.67E-06 2.52E-07 3.53E-08 
  14.00  1.185  7.48E+05 4.29E+05 4.29E+05 1.43E+04 4.01E+04 5.84E+04 6.68E+04 6.57E+04 5.74E+04 4.53E+04 3.27E+04 2.16E+04 1.32E+04 7.46E+03 3.90E+03 1.89E+03 8.54E+02 3.58E+02 1.40E+02 5.08E+01 1.72E+01 5.42E+00 1.59E+00 4.37E-01 1.12E-01 2.67E-02 5.95E-03 1.24E-03 2.40E-04 4.35E-05 7.35E-06 1.16E-06 1.71E-07 
  15.00  1.185  1.75E+06 9.98E+05 9.98E+05 3.25E+04 9.12E+04 1.33E+05 1.53E+05 1.52E+05 1.34E+05 1.06E+05 7.76E+04 5.20E+04 3.22E+04 1.85E+04 9.84E+03 4.87E+03 2.24E+03 9.60E+02 3.84E+02 1.43E+02 4.97E+01 1.61E+01 4.89E+00 1.38E+00 3.66E-01 9.05E-02 2.09E-02 4.51E-03 9.11E-04 1.72E-04 3.04E-05 5.01E-06 7.74E-07 
  16.00  1.185  4.07E+06 2.32E+06 2.32E+06 7.39E+04 2.08E+05 3.05E+05 3.52E+05 3.50E+05 3.10E+05 2.50E+05 1.84E+05 1.25E+05 7.82E+04 4.55E+04 2.46E+04 1.24E+04 5.81E+03 2.54E+03 1.04E+03 3.95E+02 1.41E+02 4.69E+01 1.46E+01 4.26E+00 1.16E+00 2.96E-01 7.06E-02 1.58E-02 3.30E-03 6.47E-04 1.19E-04 2.04E-05 3.29E-06 
  17.00  1.185  9.47E+06 5.40E+06 5.40E+06 1.68E+05 4.74E+05 6.97E+05 8.08E+05 8.08E+05 7.21E+05 5.85E+05 4.34E+05 2.98E+05 1.89E+05 1.11E+05 6.11E+04 3.12E+04 1.49E+04 6.64E+03 2.76E+03 1.08E+03 3.92E+02 1.34E+02 4.27E+01 1.28E+01 3.58E+00 9.39E-01 2.31E-01 5.33E-02 1.15E-02 2.33E-03 4.44E-04 7.91E-05 1.32E-05 
  18.00  1.185  2.20E+07 1.25E+07 1.25E+07 3.84E+05 1.08E+06 1.59E+06 1.86E+06 1.86E+06 1.67E+06 1.37E+06 1.02E+06 7.09E+05 4.55E+05 2.71E+05 1.51E+05 7.83E+04 3.79E+04 1.72E+04 7.28E+03 2.89E+03 1.07E+03 3.75E+02 1.22E+02 3.75E+01 1.08E+01 2.90E+00 7.34E-01 1.74E-01 3.88E-02 8.13E-03 1.60E-03 2.94E-04 5.10E-05 
  19.00  1.185  5.12E+07 2.92E+07 2.92E+07 8.76E+05 2.47E+06 3.65E+06 4.26E+06 4.30E+06 3.89E+06 3.19E+06 2.41E+06 1.68E+06 1.09E+06 6.59E+05 3.71E+05 1.95E+05 9.58E+04 4.41E+04 1.90E+04 7.68E+03 2.91E+03 1.03E+03 3.45E+02 1.08E+02 3.18E+01 8.78E+00 2.28E+00 5.56E-01 1.27E-01 2.74E-02 5.55E-03 1.06E-03 1.89E-04 
  20.00  1.185  1.19E+08 6.79E+07 6.79E+07 2.00E+06 5.66E+06 8.38E+06 9.82E+06 9.95E+06 9.03E+06 7.47E+06 5.68E+06 4.00E+06 2.62E+06 1.59E+06 9.08E+05 4.83E+05 2.41E+05 1.12E+05 4.92E+04 2.02E+04 7.79E+03 2.82E+03 9.61E+02 3.07E+02 9.23E+01 2.61E+01 6.93E+00 1.73E+00 4.07E-01 9.01E-02 1.88E-02 3.67E-03 6.77E-04 
  22.50  1.185  1.52E+09 5.60E+08 5.60E+08 1.59E+07 4.50E+07 6.70E+07 7.89E+07 8.07E+07 7.41E+07 6.22E+07 4.80E+07 3.45E+07 2.30E+07 1.44E+07 8.38E+06 4.58E+06 2.35E+06 1.13E+06 5.14E+05 2.19E+05 8.78E+04 3.31E+04 1.18E+04 3.94E+03 1.24E+03 3.70E+02 1.04E+02 2.73E+01 6.81E+00 1.60E+00 3.54E-01 7.39E-02 1.46E-02 
  25.00  1.185  1.31E+10 4.61E+09 4.61E+09 1.27E+08 3.59E+08 5.36E+08 6.36E+08 6.55E+08 6.08E+08 5.16E+08 4.04E+08 2.94E+08 2.00E+08 1.27E+08 7.59E+07 4.25E+07 2.24E+07 1.11E+07 5.18E+06 2.28E+06 9.44E+05 3.69E+05 1.36E+05 4.74E+04 1.56E+04 4.83E+03 1.42E+03 3.92E+02 1.03E+02 2.53E+01 5.91E+00 1.30E+00 2.72E-01 
  30.00  1.185  1.58E+12 3.14E+11 3.14E+11 8.11E+09 2.31E+10 3.47E+10 4.15E+10 4.34E+10 4.08E+10 3.53E+10 2.83E+10 2.12E+10 1.48E+10 9.73E+09 6.01E+09 3.50E+09 1.92E+09 9.95E+08 4.87E+08 2.26E+08 9.88E+07 4.09E+07 1.61E+07 5.96E+06 2.10E+06 6.98E+05 2.20E+05 6.58E+04 1.87E+04 5.01E+03 1.28E+03 3.08E+02 7.05E+01 
  40.00  1.185  1.45E+16 1.45E+15 1.45E+15 3.41E+13 9.77E+13 1.48E+14 1.80E+14 1.91E+14 1.84E+14 1.64E+14 1.36E+14 1.05E+14 7.69E+13 5.29E+13 3.44E+13 2.12E+13 1.23E+13 6.83E+12 3.58E+12 1.79E+12 8.47E+11 3.81E+11 1.63E+11 6.66E+10 2.58E+10 9.52E+09 3.34E+09 1.12E+09 3.55E+08 1.08E+08 3.11E+07 8.54E+06 2.24E+06 
  50.00  1.185  6.70E+19 6.70E+18 6.70E+18 1.47E+17 4.22E+17 6.44E+17 7.90E+17 8.51E+17 8.35E+17 7.57E+17 6.41E+17 5.11E+17 3.84E+17 2.73E+17 1.84E+17 1.18E+17 7.17E+16 4.15E+16 2.29E+16 1.20E+16 6.03E+15 2.88E+15 1.31E+15 5.72E+14 2.37E+14 9.41E+13 3.56E+13 1.29E+13 4.45E+12 1.47E+12 4.63E+11 1.40E+11 4.02E+10 
  60.00  1.185  3.10E+23 3.10E+22 3.10E+22 6.42E+20 1.85E+21 2.83E+21 3.50E+21 3.81E+21 3.78E+21 3.48E+21 3.00E+21 2.44E+21 1.87E+21 1.37E+21 9.47E+20 6.25E+20 3.93E+20 2.36E+20 1.35E+20 7.38E+19 3.86E+19 1.93E+19 9.22E+18 4.22E+18 1.85E+18 7.73E+17 3.10E+17 1.19E+17 4.38E+16 1.54E+16 5.20E+15 1.68E+15 5.21E+14 
  70.00  1.185  1.43E+27 1.43E+26 1.43E+26 2.83E+24 8.15E+24 1.25E+25 1.56E+25 1.71E+25 1.72E+25 1.60E+25 1.40E+25 1.15E+25 9.03E+24 6.72E+24 4.76E+24 3.21E+24 2.07E+24 1.28E+24 7.55E+23 4.26E+23 2.31E+23 1.19E+23 5.93E+22 2.82E+22 1.29E+22 5.64E+21 2.37E+21 9.54E+20 3.69E+20 1.37E+20 4.87E+19 1.67E+19 5.46E+18 
  80.00  1.185  6.63E+30 6.63E+29 6.63E+29 1.25E+28 3.62E+28 5.59E+28 6.98E+28 7.71E+28 7.79E+28 7.33E+28 6.49E+28 5.43E+28 4.31E+28 3.26E+28 2.35E+28 1.62E+28 1.07E+28 6.74E+27 4.08E+27 2.36E+27 1.31E+27 7.02E+26 3.59E+26 1.77E+26 8.35E+25 3.79E+25 1.65E+25 6.93E+24 2.79E+24 1.08E+24 4.02E+23 1.44E+23 4.96E+22 
